<?xml version="1.0"?>
<opencv_storage>
<obj>
  <_><id>1</id>
    <height>1.3156414031982422e-02</height>
    <contour2d>
      6.84118629e-01 -6.89902604e-02 6.86611056e-01 -6.57513067e-02
      6.88490510e-01 -6.11203574e-02 6.88478112e-01 -5.95053323e-02
      6.28884792e-01 4.64198515e-02 6.17471337e-01 4.75386158e-02
      6.11519337e-01 4.72980551e-02 5.46555996e-01 4.02566157e-02
      5.34646630e-01 -4.72773379e-03 5.34769058e-01 -2.05639564e-02
      5.38166404e-01 -3.06992438e-02 5.47121048e-01 -3.96018326e-02</contour2d>
    <histogram type_id="opencv-matrix">
      <rows>20</rows>
      <cols>1</cols>
      <dt>f</dt>
      <data>
        2.80945033e-01 3.16384166e-01 9.96404663e-02 1.02722133e-03 0.
        0. 0. 0. 0. 0. 0. 0. 0. 0. 3.59527464e-03 6.16332795e-03
        1.74627621e-02 1.77709296e-01 0. 9.70724151e-02</data></histogram></_>
  <_><id>2</id>
    <height>1.0772407054901123e-02</height>
    <contour2d>
      6.48766160e-01 2.27122828e-02 6.45061731e-01 2.73000952e-02
      6.12952590e-01 4.79500778e-02 6.10559940e-01 4.79353853e-02
      5.91157138e-01 4.56545949e-02 5.57937264e-01 3.41062248e-02
      5.54557085e-01 3.25483009e-02 5.48969805e-01 2.94604972e-02
      5.33533335e-01 8.89605936e-03 5.33542275e-01 7.45638553e-03
      5.36977410e-01 -1.12734716e-02 5.69185615e-01 -3.95521931e-02
      5.85388780e-01 -5.34287095e-02 6.01205707e-01 -6.31533787e-02
      6.08901978e-01 -6.65373430e-02 6.38635039e-01 -1.96044799e-02
      6.48873329e-01 5.42408926e-03</contour2d>
    <histogram type_id="opencv-matrix">
      <rows>20</rows>
      <cols>1</cols>
      <dt>f</dt>
      <data>
        2.35623404e-01 3.65394413e-01 1.54198468e-01 2.54452927e-03 0.
        0. 0. 0. 0. 0. 0. 0. 0. 0. 1.01781171e-03 4.58015269e-03
        1.98473278e-02 1.55216292e-01 0. 6.15776069e-02</data></histogram></_>
  <_><id>3</id>
    <height>1.0774970054626465e-02</height>
    <contour2d>
      6.58191383e-01 -3.30766812e-02 6.58087552e-01 -2.03787312e-02
      6.46087110e-01 2.04076096e-02 6.30093515e-01 4.48692590e-02
      6.28871799e-01 4.64073233e-02 6.11471057e-01 5.18705696e-02
      6.03780210e-01 5.15420623e-02 5.97914755e-01 4.97687571e-02
      5.58900058e-01 3.34378555e-02 5.55522382e-01 3.18782926e-02
      5.55996537e-01 -2.96082869e-02 5.59624255e-01 -6.04783148e-02
      6.39841676e-01 -4.05159146e-02 6.44098938e-01 -3.90693359e-02</contour2d>
    <histogram type_id="opencv-matrix">
      <rows>20</rows>
      <cols>1</cols>
      <dt>f</dt>
      <data>
        2.21961528e-01 3.46785545e-01 1.67996243e-01 4.69263270e-03 0.
        0. 0. 0. 0. 0. 0. 0. 0. 0. 2.81557953e-03 7.97747541e-03
        2.20553726e-02 1.80197090e-01 0. 4.55185361e-02</data></histogram></_>
  <_><id>4</id>
    <height>1.0456085205078125e-02</height>
    <contour2d>
      6.43866062e-01 2.25984659e-02 6.24308825e-01 4.69299816e-02
      6.16464138e-01 5.58496714e-02 6.02784157e-01 6.13118671e-02
      5.87556839e-01 6.20597489e-02 5.22616148e-01 5.92107279e-03
      5.12900054e-01 -4.06786054e-03 4.90186185e-01 -3.88124436e-02
      6.01177454e-01 -5.86050972e-02 6.04717612e-01 -5.87255843e-02
      6.14726543e-01 -4.52650599e-02 6.40999198e-01 -7.11352611e-03
      6.42806053e-01 -4.00908338e-03</contour2d>
    <histogram type_id="opencv-matrix">
      <rows>20</rows>
      <cols>1</cols>
      <dt>f</dt>
      <data>
        2.08077267e-01 2.88410902e-01 2.31782272e-01 3.51185258e-03 0.
        0. 0. 0. 0. 0. 0. 0. 0. 0. 3.51185258e-03 9.65759438e-03
        1.97541714e-02 1.78665504e-01 0. 5.66286221e-02</data></histogram></_>
  <_><id>5</id>
    <height>1.2071728706359863e-02</height>
    <contour2d>
      6.14615321e-01 -3.00590247e-02 6.27099037e-01 -1.32659599e-02
      6.36002183e-01 1.31090134e-02 6.33452654e-01 3.32562439e-02
      6.32198930e-01 3.94589789e-02 6.16483092e-01 5.27793244e-02
      5.36592841e-01 5.07816449e-02 5.33283472e-01 4.92068119e-02
      5.33336997e-01 4.05687876e-02 5.36905885e-01 2.71656667e-04
      5.47234595e-01 -4.91081737e-02 5.49475431e-01 -5.21334633e-02</contour2d>
    <histogram type_id="opencv-matrix">
      <rows>20</rows>
      <cols>1</cols>
      <dt>f</dt>
      <data>
        1.87713310e-01 2.71087289e-01 2.67674297e-01 4.38810326e-03
        4.87567042e-04 0. 0. 0. 0. 0. 0. 0. 0. 2.92540225e-03
        6.82593882e-03 9.75134037e-03 2.68161874e-02 1.65772796e-01 0.
        5.65577783e-02</data></histogram></_>
  <_><id>6</id>
    <height>1.4169514179229736e-02</height>
    <contour2d>
      6.44166589e-01 -2.59074792e-02 6.44147277e-01 -2.27780528e-02
      6.39701128e-01 5.35496930e-03 6.38460994e-01 8.46644863e-03
      5.96935749e-01 5.64736240e-02 5.91054499e-01 6.22168705e-02
      5.87538242e-01 6.50641322e-02 5.74307084e-01 5.69081455e-02
      5.12821078e-01 8.67034029e-03 5.11218607e-01 5.82613098e-03
      5.11271119e-01 -2.65561882e-03 5.12908816e-01 -5.48319519e-03
      5.58410168e-01 -4.22014296e-02 5.66933751e-01 -4.24178205e-02
      6.32660747e-01 -3.50634195e-02 6.38721943e-01 -3.36399712e-02</contour2d>
    <histogram type_id="opencv-matrix">
      <rows>20</rows>
      <cols>1</cols>
      <dt>f</dt>
      <data>
        2.26680040e-01 3.38014036e-01 2.46740222e-01 5.01504517e-04 0.
        0. 0. 0. 0. 0. 0. 0. 0. 1.00300903e-03 3.51053150e-03
        9.02708154e-03 1.85556673e-02 1.29388168e-01 0. 2.65797395e-02</data></histogram></_>
  <_><id>7</id>
    <height>1.7281472682952881e-02</height>
    <contour2d>
      6.08807445e-01 -5.12897000e-02 6.38654351e-01 -2.27234848e-02
      6.39855742e-01 -1.95969846e-02 6.39343500e-01 6.30563274e-02
      6.38103485e-01 6.61678389e-02 5.74297905e-01 5.83947115e-02
      5.54430008e-01 5.30440435e-02 5.45493186e-01 4.82734926e-02
      5.43639600e-01 -9.85154416e-03 5.43657541e-01 -1.27516752e-02
      5.49340010e-01 -3.02779265e-02 5.52720189e-01 -3.17974761e-02</contour2d>
    <histogram type_id="opencv-matrix">
      <rows>20</rows>
      <cols>1</cols>
      <dt>f</dt>
      <data>
        2.10167706e-01 3.47484261e-01 2.57337511e-01 2.09643599e-03 0.
        0. 0. 0. 0. 0. 0. 0. 0. 5.24108997e-04 3.14465398e-03
        5.76519873e-03 3.14465389e-02 1.05870016e-01 0. 3.61635201e-02</data></histogram></_>
  <_><id>8</id>
    <height>1.1515557765960693e-02</height>
    <contour2d>
      6.56709075e-01 3.39284725e-02 6.16464138e-01 5.58496714e-02
      6.02774739e-01 6.28314242e-02 5.76502562e-01 7.19477236e-02
      5.70799470e-01 6.71433583e-02 5.40092468e-01 2.34311949e-02
      5.38026571e-01 1.72176852e-03 5.38044453e-01 -1.16452703e-03
      5.40262818e-01 -4.05449560e-03 5.54874659e-01 -1.86910667e-02
      5.58282852e-01 -2.16570888e-02 5.84124207e-01 -3.84661220e-02
      5.97563863e-01 -4.48711067e-02 6.04614139e-01 -4.20105085e-02
      6.53111815e-01 1.64940450e-02 6.56787395e-01 2.12857928e-02</contour2d>
    <histogram type_id="opencv-matrix">
      <rows>20</rows>
      <cols>1</cols>
      <dt>f</dt>
      <data>
        2.65072763e-01 3.57068598e-01 2.13617459e-01 2.59875273e-03 0.
        0. 0. 0. 0. 0. 0. 0. 0. 0. 1.03950105e-03 3.11850314e-03
        2.80665290e-02 7.95218274e-02 0. 4.98960502e-02</data></histogram></_>
  <_><id>9</id>
    <height>1.2911200523376465e-02</height>
    <contour2d>
      7.13432670e-01 5.97569123e-02 7.13422537e-01 6.13893531e-02
      7.05593586e-01 8.74612480e-02 6.82988763e-01 1.32857487e-01
      6.81718588e-01 1.34459630e-01 6.73536777e-01 1.33705556e-01
      6.02426291e-01 1.19054936e-01 5.36387146e-01 8.39739218e-02
      5.48771143e-01 6.15152903e-02 5.77992082e-01 1.98037997e-02
      5.84989905e-01 1.09413331e-02 5.94927788e-01 3.51782283e-03
      6.14359021e-01 1.12971747e-02 7.07127333e-01 5.00206351e-02
      7.09649682e-01 5.15711941e-02 7.10917473e-01 5.32114804e-02</contour2d>
    <histogram type_id="opencv-matrix">
      <rows>20</rows>
      <cols>1</cols>
      <dt>f</dt>
      <data>
        2.03181490e-01 7.59219080e-02 1.04844540e-01 1.67751268e-01
