<?xml version="1.0"?>
<opencv_storage>
<obj>
  <_><id>1</id>
    <height>1.7513155937194824e-02</height>
    <contour2d>
      4.44817454e-01 5.16306683e-02 4.44054723e-01 5.16312160e-02
      4.42604780e-01 5.05197160e-02 4.35214043e-01 2.73116920e-02
      4.35214043e-01 2.43107192e-02 4.37287271e-01 1.03600640e-02
      4.37978327e-01 8.36346205e-03 4.43265289e-01 8.34470987e-03
      4.54179496e-01 1.66119710e-02 4.57833737e-01 2.28437167e-02
      4.62219030e-01 3.53766121e-02 4.62166697e-01 3.85367274e-02
      4.60630894e-01 4.06044535e-02 4.51554269e-01 4.76822667e-02</contour2d>
    <histogram type_id="opencv-matrix">
      <rows>20</rows>
      <cols>1</cols>
      <dt>f</dt>
      <data>
        4.53038692e-01 3.68324132e-03 0. 0. 0. 0. 0. 0. 0. 0. 0. 0. 0.
        0. 0. 1.10497242e-02 3.31491716e-02 4.99079198e-01 0. 0.</data></histogram></_>
  <_><id>2</id>
    <height>4.0386676788330078e-02</height>
    <contour2d>
      4.30421174e-01 3.11825395e-04 4.31171000e-01 1.32029457e-03
      4.41721052e-01 1.84334461e-02 4.42418575e-01 2.04832871e-02
      4.40804034e-01 6.00426160e-02 4.33724970e-01 6.86172098e-02
      4.20409769e-01 7.21755624e-02 4.18766141e-01 7.22993836e-02
      4.10360754e-01 6.85165450e-02 4.05155450e-01 5.96540496e-02
      3.95192146e-01 3.92754115e-02 3.95192146e-01 3.82768251e-02
      4.23319876e-01 1.31190103e-03 4.29671317e-01 3.12363059e-04</contour2d>
    <histogram type_id="opencv-matrix">
      <rows>20</rows>
      <cols>1</cols>
      <dt>f</dt>
      <data>
        4.78723407e-01 0. 0. 0. 0. 0. 0. 0. 0. 0. 0. 0. 0. 0. 0.
        1.63666124e-03 2.29132567e-02 4.96726692e-01 0. 0.</data></histogram></_>
  <_><id>3</id>
    <height>1.7030835151672363e-02</height>
    <contour2d>
      4.45024610e-01 2.48166621e-02 4.45024639e-01 2.68589891e-02
      4.38187629e-01 4.83162515e-02 4.12895650e-01 6.23448826e-02
      4.11359161e-01 6.24564663e-02 4.01822656e-01 5.56442402e-02
      3.98861319e-01 5.18562719e-02 3.98861319e-01 5.08837551e-02
      3.99584055e-01 4.89381626e-02 4.19900030e-01 2.01772209e-02
      4.38546687e-01 1.95451844e-02</contour2d>
    <histogram type_id="opencv-matrix">
      <rows>20</rows>
      <cols>1</cols>
      <dt>f</dt>
      <data>
        8.16326499e-01 5.10204071e-03 0. 0. 0. 0. 0. 0. 0. 0. 0. 0. 0.
        0. 0. 0. 2.55102036e-03 1.76020399e-01 0. 0.</data></histogram></_>
  <_><id>4</id>
    <height>2.0603537559509277e-02</height>
    <contour2d>
      4.40326035e-01 4.84835766e-02 4.38975602e-01 5.02284355e-02
      4.22576636e-01 6.63332194e-02 4.19015974e-01 6.71012476e-02
      4.16871697e-01 6.69853613e-02 4.13335562e-01 6.47697598e-02
      4.04112279e-01 5.73771149e-02 4.04112250e-01 5.06058671e-02
      4.10479903e-01 3.71928886e-02 4.11922812e-01 3.71918529e-02
      4.38139170e-01 4.43924926e-02 4.39628541e-01 4.63955477e-02</contour2d>
    <histogram type_id="opencv-matrix">
      <rows>20</rows>
      <cols>1</cols>
      <dt>f</dt>
      <data>
        8.23244572e-01 7.26392306e-03 0. 0. 0. 0. 0. 0. 0. 0. 0. 0. 0.
        0. 0. 2.42130761e-03 1.69491526e-02 1.50121078e-01 0. 0.</data></histogram></_>
  <_><id>5</id>
    <height>1.8087744712829590e-02</height>
    <contour2d>
      4.17286277e-01 7.80967772e-02 4.13757861e-01 8.07664320e-02
      4.13028657e-01 8.07669610e-02 4.05955732e-01 7.74135813e-02
      3.95631880e-01 6.68146312e-02 3.90537202e-01 6.11456595e-02
      3.89901608e-01 6.00717999e-02 3.89185339e-01 5.81446066e-02
      3.89185339e-01 5.71807548e-02 3.93407464e-01 5.14877401e-02
      4.01822627e-01 4.59362753e-02 4.02544081e-01 4.59357575e-02
      4.08979595e-01 4.99039590e-02 4.16883826e-01 5.58335595e-02
      4.22408611e-01 6.03686944e-02 4.22408611e-01 6.13533854e-02</contour2d>
    <histogram type_id="opencv-matrix">
      <rows>20</rows>
      <cols>1</cols>
      <dt>f</dt>
      <data>
        8.14414442e-01 5.94594628e-02 0. 0. 0. 0. 0. 0. 0. 0. 0. 0. 0.
        0. 0. 0. 0. 1.26126125e-01 0. 0.</data></histogram></_>
  <_><id>6</id>
    <height>4.4187307357788086e-02</height>
    <contour2d>
      4.24806684e-01 1.93165839e-02 4.26359951e-01 2.02799924e-02
      4.28219438e-01 4.17294390e-02 4.21676874e-01 7.80936256e-02
      4.20155883e-01 8.21786895e-02 4.14148122e-01 8.74229223e-02
      4.12676841e-01 8.84138718e-02 4.11205560e-01 8.84149298e-02
      3.94912362e-01 8.65989774e-02 3.92814577e-01 8.44685212e-02
      3.82854760e-01 7.33948126e-02 3.76076698e-01 5.73972166e-02
      3.76076669e-01 5.64298928e-02 3.97859961e-01 2.11488642e-02
      4.06612039e-01 1.72066372e-02</contour2d>
    <histogram type_id="opencv-matrix">
      <rows>20</rows>
      <cols>1</cols>
      <dt>f</dt>
      <data>
        7.43095338e-01 6.77436125e-03 0. 0. 0. 0. 0. 0. 0. 0. 0. 0. 0.
        0. 0. 0. 7.81657081e-03 2.42313698e-01 0. 0.</data></histogram></_>
  <_><id>7</id>
    <height>2.2006154060363770e-02</height>
    <contour2d>
      4.18606102e-01 9.08158273e-02 4.17858839e-01 9.08163637e-02
      4.12820399e-01 8.95031840e-02 3.94199312e-01 7.25987628e-02
      3.94125104e-01 6.98333830e-02 3.95053774e-01 6.17713667e-02
      3.95767480e-01 6.17708564e-02 4.11147803e-01 6.64354637e-02
      4.19481575e-01 7.12023824e-02 4.23391759e-01 8.11956972e-02</contour2d>
    <histogram type_id="opencv-matrix">
      <rows>20</rows>
      <cols>1</cols>
      <dt>f</dt>
      <data>
        7.17032969e-01 0. 0. 0. 0. 0. 0. 0. 0. 0. 0. 0. 0. 0. 0. 0. 0.
        2.82967031e-01 0. 0.</data></histogram></_>
  <_><id>8</id>
    <height>5.0094485282897949e-02</height>
    <contour2d>
      4.00807679e-01 2.11467501e-02 4.17223513e-01 2.59544980e-02
      4.30284888e-01 4.09583375e-02 4.31711614e-01 5.39434329e-02
      4.31711614e-01 5.49368113e-02 4.31021869e-01 5.68239987e-02
      4.19537783e-01 8.18887129e-02 4.10111934e-01 8.66563395e-02
      4.02329147e-01 8.62002447e-02 3.96772623e-01 8.47717598e-02
      3.93248707e-01 8.36530626e-02 3.92610550e-01 8.06011111e-02
      3.89987469e-01 5.27006350e-02 3.90739620e-01 4.32729349e-02
      3.98596883e-01 2.11483352e-02</contour2d>
    <histogram type_id="opencv-matrix">
      <rows>20</rows>
      <cols>1</cols>
      <dt>f</dt>
      <data>
        2.73469388e-01 3.08843553e-01 1.83673464e-02 4.08163294e-03
        1.36054424e-03 6.80272118e-04 0. 0. 0. 0. 0. 0. 6.80272118e-04
        4.08163294e-03 6.80272095e-03 1.76870748e-02 2.31292527e-02
        3.40136051e-01 6.80272118e-04 0.</data></histogram></_>
  <_><id>9</id>
    <height>4.2475461959838867e-02</height>
    <contour2d>
      4.29136574e-01 3.64460945e-02 4.33091134e-01 4.01762947e-02
      4.42607254e-01 5.64139783e-02 4.45463896e-01 6.17432222e-02
      4.45463896e-01 6.47650138e-02 4.43265468e-01 7.77262747e-02
      4.37444359e-01 9.43315029e-02 4.31374639e-01 1.03698619e-01
      4.28458571e-01 1.04522824e-01 4.19439197e-01 1.05714776e-01
      4.05676842e-01 9.92118567e-02 4.04177159e-01 9.71949324e-02
      3.99014384e-01 8.80493447e-02 3.96386206e-01 7.96564668e-02
      3.96986544e-01 6.31165504e-02 4.01361614e-01 5.33012599e-02
      4.24660772e-01 3.74531001e-02 4.26825762e-01 3.65113392e-02</contour2d>
    <histogram type_id="opencv-matrix">
      <rows>20</rows>
      <cols>1</cols>
      <dt>f</dt>
      <data>
        2.27356747e-01 4.20055449e-01 2.03327183e-02 0. 0. 0. 0. 0. 0.
        0. 0. 0. 0. 9.24214430e-04 1.38632162e-03 5.08317957e-03
        2.12569311e-02 3.02680224e-01 9.24214430e-04 0.</data></histogram></_></obj>
</opencv_storage>
