<?xml version="1.0"?>
<opencv_storage>
<obj>
  <_><id>1</id>
    <height>5.4954171180725098e-02</height>
    <contour2d>
      4.40862864e-01 7.71216378e-02 4.33612466e-01 7.96059892e-02
      4.05158758e-01 8.63521025e-02 4.03705537e-01 8.63531455e-02
      3.94986212e-01 6.28935620e-02 3.81406486e-01 -1.13656316e-02
      3.81064653e-01 -3.34573463e-02 3.83097947e-01 -3.63388956e-02
      3.85136425e-01 -3.73482779e-02 4.13208574e-01 -4.06884030e-02
      4.18132663e-01 -3.99263054e-02 4.26543891e-01 -3.14829499e-02
      4.41556424e-01 3.97925489e-02 4.44393724e-01 6.84921369e-02
      4.43061322e-01 7.32031986e-02 4.41613972e-01 7.61103407e-02</contour2d>
    <histogram type_id="opencv-matrix">
      <rows>20</rows>
      <cols>1</cols>
      <dt>f</dt>
      <data>
        1.23477969e-02 1.50403023e-01 3.21557194e-01 3.84153664e-01
        1.09072201e-01 1.88646894e-02 1.02898304e-03 8.57485866e-04
        1.71497173e-04 1.71497173e-04 0. 6.85988693e-04 0.
        1.71497173e-04 0. 0. 1.71497173e-04 3.42994346e-04 0. 0.</data></histogram></_>
  <_><id>2</id>
    <height>3.5948038101196289e-02</height>
    <contour2d>
      4.44420189e-01 -1.62430257e-02 4.46558654e-01 -1.52594866e-02
      4.44830745e-01 1.05563760e-01 3.91882360e-01 1.10218614e-01
      3.88965607e-01 1.08258262e-01 3.84703457e-01 1.03171818e-01
      3.81779999e-01 9.14057419e-02 3.81429702e-01 8.69846866e-02
      3.78338337e-01 -4.50545968e-03 3.78440946e-01 -1.60641205e-02
      3.79873514e-01 -1.70289837e-02 3.83265108e-01 -1.80591438e-02
      4.33376163e-01 -1.91806536e-02</contour2d>
    <histogram type_id="opencv-matrix">
      <rows>20</rows>
      <cols>1</cols>
      <dt>f</dt>
      <data>
        1.80316810e-02 1.24705091e-01 3.83552402e-01 3.11257154e-01
        1.23188406e-01 2.44354568e-02 3.53892823e-03 8.42601934e-04
        1.34816312e-03 6.74081559e-04 3.37040779e-04 1.51668349e-03
        1.68520390e-04 6.74081559e-04 1.68520390e-04 5.05561184e-04
        3.03336699e-03 1.85372424e-03 0. 1.68520390e-04</data></histogram></_>
  <_><id>3</id>
    <height>5.2341461181640625e-02</height>
    <contour2d>
      5.02148032e-01 3.82969528e-02 5.02148032e-01 4.26386185e-02
      4.99113441e-01 7.48405978e-02 4.97628033e-01 7.89067969e-02
      4.64901298e-01 8.27636346e-02 3.94915611e-01 7.74175003e-02
      3.74644190e-01 7.46707395e-02 3.73944670e-01 7.37299696e-02
      3.72202069e-01 3.16074342e-02 3.95118922e-01 3.00240070e-02
      4.07758832e-01 3.02345585e-02 4.96827781e-01 3.58380415e-02
      4.97507840e-01 3.59543078e-02</contour2d>
    <histogram type_id="opencv-matrix">
      <rows>20</rows>
      <cols>1</cols>
      <dt>f</dt>
      <data>
        2.64744442e-02 1.58584550e-01 4.49279189e-01 2.86500663e-01
        3.69593725e-02 9.96068213e-03 3.14547867e-03 1.31061603e-03
        2.09698570e-03 7.86369666e-04 1.57273933e-03 1.31061603e-03
        2.09698570e-03 3.14547867e-03 1.83486252e-03 1.04849285e-03
        4.98034107e-03 8.12581927e-03 7.86369666e-04 0.</data></histogram></_>
  <_><id>4</id>
    <height>5.4413318634033203e-02</height>
    <contour2d>
      4.76336986e-01 2.13181954e-02 4.76336986e-01 2.65716091e-02
      4.70274597e-01 4.00336422e-02 4.69497681e-01 4.10796814e-02
      4.03330922e-01 1.15624785e-01 4.00450319e-01 1.17564984e-01
      3.99730146e-01 1.17565505e-01 3.71044725e-01 9.41591114e-02
      3.69134009e-01 8.86294693e-02 3.69134009e-01 8.76899362e-02
      3.69747698e-01 8.59695449e-02 3.73427212e-01 7.93606117e-02
      3.84817034e-01 6.39552996e-02 4.39235151e-01 3.08709336e-04
      4.42747951e-01 -2.75300955e-03 4.45718259e-01 -3.78220109e-03
      4.48758900e-01 -3.78438132e-03 4.64309543e-01 8.61388445e-03</contour2d>
    <histogram type_id="opencv-matrix">
      <rows>20</rows>
      <cols>1</cols>
      <dt>f</dt>
      <data>
        2.00043023e-02 2.03054428e-01 3.97719949e-01 3.36201340e-01
        2.28006020e-02 2.58120033e-03 2.15100023e-04 6.45300082e-04
        2.15100023e-04 2.15100023e-04 2.15100031e-03 1.50570017e-03
        1.50570017e-03 1.72080018e-03 8.60400090e-04 8.60400090e-04
        8.60400090e-04 5.37750078e-03 0. 1.50570017e-03</data></histogram></_>
  <_><id>5</id>
    <height>1.1504411697387695e-01</height>
    <contour2d>
      4.26457077e-01 8.70371535e-02 3.76685262e-01 9.72317681e-02
      3.74785453e-01 9.74928513e-02 3.72785747e-01 9.73091274e-02
      3.68825823e-01 9.47160870e-02 3.64281088e-01 7.38396794e-02
      3.60922486e-01 5.63398451e-02 3.60922456e-01 5.29915355e-02
      3.62671852e-01 5.21633476e-02 4.06781852e-01 4.28509675e-02
      4.17193413e-01 4.25349139e-02 4.21411633e-01 4.54943627e-02
      4.23561662e-01 5.20265698e-02 4.26329374e-01 6.75948486e-02
      4.27749634e-01 7.95761794e-02 4.27749634e-01 8.23114142e-02</contour2d>
    <histogram type_id="opencv-matrix">
      <rows>20</rows>
      <cols>1</cols>
      <dt>f</dt>
      <data>
        1.93248540e-02 1.35763213e-01 6.62181973e-01 1.31849319e-01
        1.59001946e-02 2.20156554e-03 9.78473574e-04 2.44618393e-04
        2.44618393e-04 4.89236787e-04 0. 9.78473574e-04 1.22309197e-03
        9.78473574e-04 7.33855180e-04 1.46771036e-03 1.05185909e-02
        1.00293541e-02 0. 4.89236787e-03</data></histogram></_>
  <_><id>6</id>
    <height>1.1543822288513184e-01</height>
    <contour2d>
      4.13062304e-01 4.50608470e-02 4.14458066e-01 4.60456051e-02
      4.15792555e-01 5.23296371e-02 4.17257369e-01 6.78547770e-02
      4.16587621e-01 9.94018093e-02 4.14458215e-01 1.09793417e-01
      3.79642785e-01 1.11521915e-01 3.75609070e-01 1.11311860e-01
      3.74126762e-01 1.00839384e-01 3.72848988e-01 7.33315051e-02
      3.73038381e-01 4.37710285e-02 3.73197645e-01 4.27160971e-02
      3.75058591e-01 4.21918593e-02 3.77932847e-01 4.20313589e-02
      3.93262506e-01 4.31449488e-02</contour2d>
    <histogram type_id="opencv-matrix">
      <rows>20</rows>
      <cols>1</cols>
      <dt>f</dt>
      <data>
        2.36066729e-02 1.34717777e-01 4.26695049e-01 3.45225424e-01
        3.44337933e-02 1.95243163e-03 5.32481354e-04 1.77493785e-04
        1.24245649e-03 1.77493785e-03 1.24245649e-03 5.32481354e-04
        7.09975138e-04 1.41995028e-03 2.12992541e-03 3.54987569e-03
        8.34220834e-03 1.04721338e-02 0. 1.24245649e-03</data></histogram></_>
  <_><id>7</id>
    <height>5.1970601081848145e-02</height>
    <contour2d>
      4.85912323e-01 1.11567199e-01 4.84322309e-01 1.11568339e-01
      3.66341174e-01 9.70873013e-02 3.64851177e-01 9.53857824e-02
      3.64297926e-01 9.26975459e-02 3.63252014e-01 8.44029114e-02
      3.63353372e-01 7.76461437e-02 3.64902318e-01 5.43086194e-02
      3.65631521e-01 5.13644554e-02 3.66505921e-01 5.02929725e-02
      3.71791631e-01 5.02873287e-02 4.32803839e-01 5.25955372e-02
      4.86100078e-01 5.88577762e-02 4.87624854e-01 6.21521957e-02
      4.89092231e-01 7.30526000e-02 4.89092290e-01 9.23087671e-02
      4.86771166e-01 1.07112706e-01</contour2d>
    <histogram type_id="opencv-matrix">
      <rows>20</rows>
      <cols>1</cols>
      <dt>f</dt>
      <data>
        1.67082287e-02 1.18703239e-01 5.56857824e-01 2.75561094e-01
        3.74064827e-03 0. 0. 0. 0. 0. 0. 2.49376550e-04 7.48129678e-04
        3.24189523e-03 4.23940131e-03 2.74314196e-03 6.73316699e-03
        6.23441394e-03 0. 4.23940131e-03</data></histogram></_>
  <_><id>8</id>
    <height>1.1657488346099854e-01</height>
    <contour2d>
      4.42976236e-01 1.09573103e-01 4.41528857e-01 1.10302456e-01
      4.39392328e-01 1.11028850e-01 4.09862548e-01 1.17144346e-01
      4.03739244e-01 1.16757110e-01 4.02485996e-01 1.16312079e-01
      4.01148945e-01 1.13614261e-01 3.90352517e-01 5.46134375e-02
      3.90352517e-01 5.37225232e-02 3.91704351e-01 5.20415194e-02
      3.93723458e-01 5.12474962e-02 4.26456988e-01 4.86707091e-02
      4.32090968e-01 4.89459969e-02 4.34954703e-01 5.37410192e-02
      4.40022767e-01 7.36560151e-02 4.42094207e-01 8.57330486e-02
