<?xml version="1.0"?>
<opencv_storage>
<obj>
  <_><id>1</id>
    <height>1.1645561456680298e-01</height>
    <contour2d>
      5.44445276e-01 1.88664123e-02 5.14685273e-01 2.44327225e-02
      5.13686419e-01 2.44821887e-02 5.05750418e-01 2.02617198e-02
      5.05767226e-01 1.76116358e-02 5.09443164e-01 -3.30734998e-02
      5.11553407e-01 -3.48075032e-02 5.14259696e-01 -3.50518040e-02
      5.39938927e-01 -3.42723317e-02 5.43157816e-01 -3.30552608e-02
      5.46983004e-01 -3.05717066e-02 5.48610687e-01 -1.92649290e-03
      5.46709776e-01 1.24099115e-02 5.45478582e-01 1.62748061e-02</contour2d>
    <histogram type_id="opencv-matrix">
      <rows>20</rows>
      <cols>1</cols>
      <dt>f</dt>
      <data>
        3.70370373e-02 4.36081216e-02 3.46475504e-02 3.58422939e-03 0.
        0. 0. 0. 0. 0. 0. 2.38948618e-03 2.92712059e-02 6.33213818e-02
        1.60692945e-01 2.63440847e-01 1.51134998e-01 4.24133800e-02 0.
        1.68458775e-01</data></histogram></_>
  <_><id>2</id>
    <height>1.1563390493392944e-01</height>
    <contour2d>
      5.30536175e-01 2.94146687e-02 5.29452682e-01 2.94080153e-02
      5.24573922e-01 2.80879606e-02 5.22691905e-01 2.68223155e-02
      5.04184961e-01 -1.61208902e-02 5.03237188e-01 -2.37542726e-02
      5.03936291e-01 -2.58963443e-02 5.05028605e-01 -2.86371056e-02
      5.09368539e-01 -3.19205076e-02 5.23903012e-01 -3.50040756e-02
      5.29320419e-01 -3.53995748e-02 5.31321645e-01 -3.41038816e-02
      5.34319580e-01 -3.15186195e-02 5.40677309e-01 -2.13438496e-02
      5.44055462e-01 -1.49681559e-02 5.51057696e-01 6.25714776e-04
      5.52656293e-01 5.86310728e-03 5.52631974e-01 9.78615228e-03
      5.52007139e-01 1.23855462e-02</contour2d>
    <histogram type_id="opencv-matrix">
      <rows>20</rows>
      <cols>1</cols>
      <dt>f</dt>
      <data>
        4.52127643e-02 4.85372320e-02 2.59308498e-02 4.65425523e-03
        1.32978719e-03 0. 0. 0. 0. 0. 0. 0. 1.39627652e-02
        9.77393612e-02 1.76196799e-01 3.15824449e-01 1.13031909e-01
        3.65691483e-02 0. 1.21010631e-01</data></histogram></_>
  <_><id>3</id>
    <height>1.1564970016479492e-01</height>
    <contour2d>
      5.59943914e-01 -1.03824083e-02 5.59872627e-01 -1.16797024e-03
      5.55687189e-01 1.06039401e-02 5.50845027e-01 2.18448378e-02
      5.48962414e-01 2.33959127e-02 5.46615124e-01 2.32314598e-02
      5.02282858e-01 6.33144099e-03 5.06361783e-01 -1.07936431e-02
      5.14140785e-01 -3.08140852e-02 5.16695201e-01 -3.17832045e-02
      5.17688930e-01 -3.17755789e-02 5.39905488e-01 -2.32275873e-02
      5.45746982e-01 -2.06938051e-02 5.55062652e-01 -1.56077407e-02
      5.57903409e-01 -1.30309425e-02</contour2d>
    <histogram type_id="opencv-matrix">
      <rows>20</rows>
      <cols>1</cols>
      <dt>f</dt>
      <data>
        1.32075474e-02 1.69811323e-02 5.66037744e-03 3.77358496e-03 0.
        0. 0. 0. 0. 0. 0. 2.83018872e-03 1.50943398e-02 7.64150918e-02
        2.16037735e-01 2.73584902e-01 1.17924526e-01 2.45283023e-02 0.
        2.33962268e-01</data></histogram></_>
  <_><id>4</id>
    <height>1.1421048641204834e-01</height>
    <contour2d>
      5.57918727e-01 1.32600321e-02 5.19212067e-01 2.02099178e-02
      5.16528428e-01 2.02521216e-02 5.12337565e-01 1.76944844e-02
      5.09079635e-01 -1.08687878e-02 5.08698583e-01 -1.68602839e-02
      5.09182930e-01 -2.19626296e-02 5.11299193e-01 -2.28471030e-02
      5.29638946e-01 -2.58153807e-02 5.53312659e-01 -2.59924103e-02
      5.56139708e-01 -2.21566223e-02 5.58755994e-01 -1.56063987e-02
      5.59753239e-01 -1.16598783e-02 5.60872555e-01 2.78799445e-03
      5.60842037e-01 6.73704688e-03 5.59580684e-01 1.06591042e-02</contour2d>
    <histogram type_id="opencv-matrix">
      <rows>20</rows>
      <cols>1</cols>
      <dt>f</dt>
      <data>
        1.93370171e-02 1.65745858e-02 9.20810364e-03 0. 0. 0. 0. 0. 0.
        0. 9.20810329e-04 9.20810329e-04 4.60405182e-03 5.70902415e-02
        1.87845305e-01 3.05709034e-01 1.54696137e-01 5.52486181e-02 0.
        1.87845305e-01</data></histogram></_>
  <_><id>5</id>
    <height>1.1568933725357056e-01</height>
    <contour2d>
      5.47183275e-01 -3.41433175e-02 5.53272784e-01 -2.67758165e-02
      5.62004864e-01 -1.37969479e-02 5.65272331e-01 -8.54224805e-03
      5.65264106e-01 -7.22237676e-03 5.62969804e-01 -3.25966324e-03
      5.56738079e-01 4.60045645e-03 5.31626403e-01 2.96318084e-02
      5.18582106e-01 2.88201012e-02 5.16733170e-01 2.73546297e-02
      5.06231904e-01 -4.77071153e-03 5.06239951e-01 -6.06106082e-03
      5.06702244e-01 -7.33475760e-03 5.13125360e-01 -1.35134840e-02
      5.30510962e-01 -2.93547623e-02 5.42825699e-01 -3.33745778e-02
      5.46099782e-01 -3.41499932e-02</contour2d>
    <histogram type_id="opencv-matrix">
      <rows>20</rows>
      <cols>1</cols>
      <dt>f</dt>
      <data>
        5.92913963e-02 1.95227768e-02 7.23065808e-03 0. 0. 0. 0. 0. 0.
        0. 0. 7.23065808e-04 9.39985551e-03 4.41070125e-02
        1.14967465e-01 1.87274039e-01 1.67751268e-01 1.40274763e-01 0.
        2.49457702e-01</data></histogram></_>
  <_><id>6</id>
    <height>1.1559176445007324e-01</height>
    <contour2d>
      5.62029004e-01 -1.77570321e-02 5.62012732e-01 -1.51243387e-02
      5.56960821e-01 4.58545657e-03 5.45853317e-01 2.26650257e-02
      5.37335277e-01 2.89599877e-02 5.35315216e-01 2.89475843e-02
      5.30156136e-01 2.77909786e-02 5.23054302e-01 2.51492821e-02
      5.15422821e-01 2.01328862e-02 5.11803627e-01 1.45148328e-02
      5.11835337e-01 9.39524174e-03 5.19007206e-01 -1.61596667e-02
      5.19439459e-01 -1.74092464e-02 5.30665040e-01 -3.07532977e-02
      5.34740567e-01 -3.29814069e-02 5.38299859e-01 -3.28266583e-02</contour2d>
    <histogram type_id="opencv-matrix">
      <rows>20</rows>
      <cols>1</cols>
      <dt>f</dt>
      <data>
        7.80051127e-02 3.32480818e-02 1.27877239e-02 0. 0. 0. 0. 0. 0.
        0. 1.27877237e-03 5.75447548e-03 1.27877239e-02 4.92327362e-02
        1.46419436e-01 1.64322242e-01 1.38746798e-01 1.40664965e-01 0.
        2.16751918e-01</data></histogram></_>
  <_><id>7</id>
    <height>1.1474633216857910e-01</height>
    <contour2d>
      5.47166288e-01 -2.53275614e-02 5.48781276e-01 -2.40566786e-02
      5.50983667e-01 -1.89058445e-02 5.52160919e-01 -1.24274930e-02
      5.52136660e-01 -8.50965548e-03 5.50781846e-01 1.36560295e-02
      5.49713850e-01 2.14646272e-02 5.47450423e-01 2.65981145e-02
      5.17254114e-01 2.96883080e-02 5.16260386e-01 2.96822060e-02
      5.14967918e-01 -1.10646645e-02 5.15178263e-01 -2.36809496e-02
      5.17333865e-01 -2.50152387e-02 5.21657109e-01 -2.69707125e-02
      5.35889030e-01 -2.64151338e-02</contour2d>
    <histogram type_id="opencv-matrix">
      <rows>20</rows>
      <cols>1</cols>
      <dt>f</dt>
      <data>
        4.66491431e-02 2.62812078e-02 6.57030195e-03 6.57030207e-04 0.
        0. 0. 0. 0. 0. 0. 2.62812083e-03 2.69382391e-02 6.70170784e-02
        1.53745070e-01 2.37187907e-01 1.83968455e-01 1.15637317e-01 0.
        1.32720098e-01</data></histogram></_>
  <_><id>8</id>
    <height>1.1692905426025391e-01</height>
    <contour2d>
      5.53590775e-01 2.02539079e-02 5.34369349e-01 3.01258489e-02
      5.29670298e-01 3.01667359e-02 5.11173189e-01 2.99116364e-03
      5.08849502e-01 -1.21954707e-02 5.08728862e-01 -1.71980597e-02
      5.10688126e-01 -2.06837524e-02 5.30385137e-01 -3.29180174e-02
      5.37181854e-01 -3.42732258e-02 5.56968927e-01 3.27429315e-03
      5.59796810e-01 9.87402257e-03 5.59780538e-01 1.25067709e-02
      5.55853188e-01 1.76907368e-02</contour2d>
    <histogram type_id="opencv-matrix">
      <rows>20</rows>
      <cols>1</cols>
      <dt>f</dt>
      <data>
        4.45906445e-02 3.58187146e-02 1.02339182e-02 0. 0. 0. 0. 0. 0.
        0. 7.30994157e-04 4.38596494e-03 1.31578948e-02 6.65204674e-02
        1.53508767e-01 2.96052635e-01 1.38888896e-01 1.06725149e-01 0.
        1.29385963e-01</data></histogram></_>
  <_><id>9</id>
    <height>1.1563152074813843e-01</height>
