<?xml version="1.0"?>
<opencv_storage>
<obj>
  <_><id>0</id>
    <height>1.5356206893920898e-01</height>
    <contour2d>
      6.88966453e-01 -1.32644400e-02 6.90512061e-01 -7.44884601e-03
      6.90512061e-01 -6.28122734e-03 6.37973726e-01 6.33470714e-02
      6.34219170e-01 6.38608336e-02 6.32202327e-01 6.31521717e-02
      6.04257524e-01 2.63597686e-02 5.97445011e-01 1.68554913e-02
      5.97141385e-01 1.45409442e-02 5.97650886e-01 1.31145995e-02
      5.99743783e-01 9.18042008e-03 6.04409635e-01 1.71965745e-03
      6.30207777e-01 -2.21746024e-02 6.58433497e-01 -4.79937680e-02
      6.60499573e-01 -4.92932126e-02 6.61672115e-01 -4.92949225e-02
      6.67398989e-01 -4.71983477e-02</contour2d>
    <histogram type_id="opencv-matrix">
      <rows>20</rows>
      <cols>1</cols>
      <dt>f</dt>
      <data>
        2.91029692e-01 1.22864209e-01 4.73246425e-02 9.89208650e-03
        3.82194249e-03 2.81025190e-03 3.93435266e-03 5.62050380e-03
        1.22526977e-02 2.10206844e-02 6.74460456e-02 5.18210456e-02
        2.69784182e-02 1.70863308e-02 1.04541369e-02 1.24775181e-02
        5.14838137e-02 1.90422669e-01 2.51798574e-02 2.60791369e-02</data></histogram></_>
  <_><id>0</id>
    <height>1.5351665019989014e-01</height>
    <contour2d>
      6.87980592e-01 -1.32427542e-02 6.89525366e-01 -7.43668433e-03
      6.89525366e-01 -5.10525610e-03 6.43650293e-01 6.36780858e-02
      6.32776737e-01 6.55475259e-02 5.98296642e-01 1.80301946e-02
      5.97709775e-01 1.63866822e-02 5.97445011e-01 1.45659689e-02
      5.99325955e-01 9.16318130e-03 6.03461206e-01 1.71652518e-03
      6.60499573e-01 -4.92932126e-02 6.61672115e-01 -4.92949225e-02
      6.66304946e-01 -4.83377054e-02 6.67398989e-01 -4.71983477e-02
      6.87422633e-01 -1.44057488e-02</contour2d>
    <histogram type_id="opencv-matrix">
      <rows>20</rows>
      <cols>1</cols>
      <dt>f</dt>
      <data>
        2.92318076e-01 1.20908782e-01 5.16252406e-02 1.05724894e-02
        3.26172542e-03 2.24946579e-03 2.69935885e-03 6.52345084e-03
        1.32718477e-02 2.08075587e-02 6.43347204e-02 5.42121232e-02
        3.13800462e-02 1.69834662e-02 1.10223824e-02 1.32718477e-02
        4.19525355e-02 1.90192327e-01 2.72185355e-02 2.51940172e-02</data></histogram></_>
  <_><id>0</id>
    <height>1.5388834476470947e-01</height>
    <contour2d>
      6.48667574e-01 -7.00180046e-03 6.45665944e-01 -2.59502651e-03
      6.40727401e-01 3.95030295e-03 6.19735897e-01 2.95433719e-02
      6.18959844e-01 3.02484687e-02 6.18416488e-01 3.02492604e-02
      6.16981328e-01 2.98864152e-02 6.11633420e-01 2.78803725e-02
      5.89377344e-01 -3.07697133e-04 5.59286892e-01 -4.15212996e-02
      5.59286892e-01 -4.36355807e-02 6.05694115e-01 -7.95887560e-02
      6.10517025e-01 -8.02677274e-02 6.13129437e-01 -7.83192813e-02
      6.14139438e-01 -7.72674158e-02 6.44691885e-01 -2.00838298e-02
      6.48667574e-01 -1.13979895e-02</contour2d>
    <histogram type_id="opencv-matrix">
      <rows>20</rows>
      <cols>1</cols>
      <dt>f</dt>
      <data>
        9.95221063e-02 6.52329773e-02 3.65591422e-02 8.24372750e-03
        4.54002386e-03 1.19474321e-03 2.62843492e-03 4.42054961e-03
        1.54121872e-02 4.24133837e-02 1.09199524e-01 7.63440877e-02
        3.45280766e-02 1.24253286e-02 8.12425371e-03 9.55794565e-03
        2.61648744e-02 7.39546046e-02 2.66427733e-02 3.42891276e-01</data></histogram></_>
  <_><id>0</id>
    <height>1.4816474914550781e-01</height>
    <contour2d>
      6.81481659e-01 -1.41535789e-01 6.75678909e-01 -1.41142085e-01
      6.71086848e-01 -1.44114494e-01 6.57149911e-01 -1.64137408e-01
      6.57765627e-01 -2.02426463e-01 6.62932932e-01 -2.02310458e-01
      6.71041667e-01 -1.99770689e-01 6.75550580e-01 -1.98116586e-01
      6.87412620e-01 -1.81011364e-01 6.92641616e-01 -1.62425697e-01
      6.92641616e-01 -1.59423783e-01 6.88844621e-01 -1.46666780e-01</contour2d>
    <histogram type_id="opencv-matrix">
      <rows>20</rows>
      <cols>1</cols>
      <dt>f</dt>
      <data>
        5.71827069e-02 1.41562060e-01 3.34728025e-02 2.85913534e-02
        2.85913534e-02 1.63877264e-01 5.32078087e-01 2.78940029e-03 0.
        0. 0. 1.39470014e-03 6.97350071e-04 6.97350071e-04
        1.39470014e-03 4.18410031e-03 2.78940029e-03 6.97350071e-04 0.
        0.</data></histogram></_>
  <_><id>4</id>
    <height>1.5484082698822021e-01</height>
    <contour2d>
      6.49643302e-01 -5.91299403e-03 6.44692004e-01 2.87616253e-03
      6.18166685e-01 3.19009162e-02 6.16566777e-01 3.19032483e-02
      6.11633420e-01 2.78803725e-02 6.06135011e-01 2.24890336e-02
      5.72001457e-01 -2.36115269e-02 5.66272855e-01 -3.25815752e-02
      5.62702358e-01 -3.97121757e-02 5.62702358e-01 -4.29978929e-02
      5.63227415e-01 -4.51891311e-02 6.05694115e-01 -7.95887560e-02
      6.08659446e-01 -8.00262764e-02 6.10229254e-01 -8.00285637e-02
      6.15095079e-01 -7.63519108e-02 6.50171101e-01 -1.14185242e-02
      6.50171161e-01 -8.11566785e-03</contour2d>
    <histogram type_id="opencv-matrix">
      <rows>20</rows>
      <cols>1</cols>
      <dt>f</dt>
      <data>
        9.04654264e-02 6.49922639e-02 3.16628963e-02 6.66587334e-03
        4.88037150e-03 1.54743483e-03 2.26163561e-03 4.64230450e-03
        1.33317467e-02 4.48756106e-02 1.20699920e-01 7.18962029e-02
        3.04725636e-02 1.42840138e-02 1.05939768e-02 9.64170974e-03
        2.46399250e-02 8.29663128e-02 2.55921911e-02 3.43887627e-01</data></histogram></_></obj>
</opencv_storage>
