<?xml version="1.0"?>
<opencv_storage>
<obj>
  <_><id>1</id>
    <height>9.7584366798400879e-02</height>
    <contour2d>
      5.70062876e-01 -4.21813913e-02 5.70062876e-01 -3.93367223e-02
      5.53945184e-01 -1.19808149e-02 5.52382112e-01 -1.05948411e-02
      5.51600575e-01 -1.05939312e-02 5.43853521e-01 -1.28903305e-02
      5.26024878e-01 -2.94377115e-02 5.24758995e-01 -3.32020633e-02
      5.24758995e-01 -3.83773483e-02 5.26340306e-01 -4.47295122e-02
      5.29994309e-01 -5.53374738e-02 5.40679514e-01 -6.54544234e-02
      5.44557750e-01 -6.54589385e-02 5.48436046e-01 -6.40897602e-02</contour2d>
    <histogram type_id="opencv-matrix">
      <rows>20</rows>
      <cols>1</cols>
      <dt>f</dt>
      <data>
        8.82629156e-02 3.97183120e-01 4.15023476e-01 2.15962455e-02
        9.38967161e-04 0. 9.38967161e-04 0. 0. 0. 0. 0. 0.
        9.38967161e-04 0. 9.38967150e-03 3.47417854e-02 3.09859160e-02
        0. 0.</data></histogram></_>
  <_><id>2</id>
    <height>1.0051524639129639e-01</height>
    <contour2d>
      5.64360380e-01 -2.91984491e-02 5.60139239e-01 -2.88429018e-02
      5.37269056e-01 -2.92581152e-02 5.31440377e-01 -3.05417050e-02
      5.18965900e-01 -4.15253043e-02 5.18965900e-01 -4.27965745e-02
      5.22317827e-01 -5.71678057e-02 5.29994249e-01 -7.16760382e-02
      5.33586502e-01 -7.32265487e-02 5.59091270e-01 -4.85083722e-02
      5.59881628e-01 -4.71095555e-02</contour2d>
    <histogram type_id="opencv-matrix">
      <rows>20</rows>
      <cols>1</cols>
      <dt>f</dt>
      <data>
        5.91397844e-02 4.21505392e-01 4.16129053e-01 2.47311834e-02
        1.07526884e-03 0. 0. 0. 0. 0. 0. 0. 0. 3.22580663e-03
        6.45161327e-03 1.18279569e-02 2.04301085e-02 3.54838707e-02 0.
        0.</data></histogram></_>
  <_><id>3</id>
    <height>9.7568869590759277e-02</height>
    <contour2d>
      5.49419284e-01 -4.12645265e-02 5.47295988e-01 -3.72566544e-02
      5.41960299e-01 -2.96104047e-02 5.39421499e-01 -2.88534984e-02
      5.22013664e-01 -3.02037746e-02 5.08585572e-01 -5.37127294e-02
      5.07874668e-01 -5.62300757e-02 5.21341562e-01 -6.02516122e-02
      5.28791428e-01 -6.22219108e-02 5.31050682e-01 -6.22245409e-02
      5.32788336e-01 -6.18345365e-02 5.33803880e-01 -6.11848421e-02
      5.48762918e-01 -4.37534936e-02</contour2d>
    <histogram type_id="opencv-matrix">
      <rows>20</rows>
      <cols>1</cols>
      <dt>f</dt>
      <data>
        7.03030303e-02 3.61212134e-01 4.55757588e-01 2.06060614e-02
        1.21212122e-03 0. 0. 0. 0. 0. 0. 0. 0. 0. 6.06060587e-03
        7.27272732e-03 3.51515152e-02 4.24242429e-02 0. 0.</data></histogram></_>
  <_><id>4</id>
    <height>9.7028970718383789e-02</height>
    <contour2d>
      5.54349065e-01 -6.25003725e-02 5.54349065e-01 -5.97008616e-02
      5.50154746e-01 -3.47528867e-02 5.42939544e-01 -3.07161808e-02
      5.37908792e-01 -3.06297783e-02 5.28199255e-01 -3.20280455e-02
      5.23279905e-01 -4.01937254e-02 5.21837056e-01 -4.40711342e-02
      5.24485946e-01 -5.84502295e-02 5.29544473e-01 -6.35565296e-02
      5.40679514e-01 -6.54544234e-02 5.49648046e-01 -6.48131222e-02</contour2d>
    <histogram type_id="opencv-matrix">
      <rows>20</rows>
      <cols>1</cols>
      <dt>f</dt>
      <data>
        7.63187483e-02 3.98428738e-01 4.19753104e-01 2.13243552e-02 0.
        0. 0. 0. 0. 0. 0. 0. 0. 1.12233451e-03 4.48933803e-03
        3.36700352e-03 2.46913582e-02 5.05050533e-02 0. 0.</data></histogram></_>
  <_><id>5</id>
    <height>1.0388958454132080e-01</height>
    <contour2d>
      5.53570390e-01 -6.75963685e-02 5.53822100e-01 -6.74292743e-02
      5.55508077e-01 -6.45792931e-02 5.57071209e-01 -4.65875305e-02
      5.56708336e-01 -4.25919853e-02 5.55508137e-01 -3.82809415e-02
      5.52284002e-01 -2.83164680e-02 5.46916902e-01 -1.66411251e-02
      5.46175599e-01 -1.53273605e-02 5.34607172e-01 -1.44964531e-02
      5.33069551e-01 -1.58562418e-02 5.27957320e-01 -2.65613906e-02
      5.25208712e-01 -4.18120883e-02 5.25208712e-01 -4.43719402e-02
      5.27231634e-01 -5.22632040e-02 5.27957201e-01 -5.35492115e-02
      5.51474571e-01 -6.74265474e-02</contour2d>
    <histogram type_id="opencv-matrix">
      <rows>20</rows>
      <cols>1</cols>
      <dt>f</dt>
      <data>
        5.56079149e-02 3.83600384e-01 4.54288393e-01 2.63901986e-02
        2.82752118e-03 0. 0. 0. 0. 0. 0. 0. 0. 0. 9.42507060e-04
        5.65504236e-03 2.45051831e-02 4.61828448e-02 0. 0.</data></histogram></_>
  <_><id>6</id>
    <height>9.7480058670043945e-02</height>
    <contour2d>
      5.54354906e-01 -6.75972849e-02 5.56708276e-01 -6.62106574e-02
      5.63323438e-01 -6.18201382e-02 5.66342413e-01 -5.91286644e-02
      5.67124903e-01 -5.77437356e-02 5.67124903e-01 -5.63578419e-02
      5.66122055e-01 -5.37176467e-02 5.59350789e-01 -4.00122665e-02
      5.44799805e-01 -1.59670599e-02 5.39752662e-01 -1.45378355e-02
      5.35898924e-01 -1.45333493e-02 5.30021906e-01 -1.80947576e-02
      5.25931418e-01 -3.54133099e-02 5.24485946e-01 -4.94908094e-02
      5.25256097e-01 -5.07035516e-02 5.50692022e-01 -6.74256310e-02</contour2d>
    <histogram type_id="opencv-matrix">
      <rows>20</rows>
      <cols>1</cols>
      <dt>f</dt>
      <data>
        7.53968284e-02 4.15674627e-01 3.93849224e-01 2.97619067e-02
        1.98412710e-03 0. 0. 0. 0. 0. 0. 0. 9.92063549e-04
        9.92063549e-04 1.98412710e-03 4.96031763e-03 2.77777798e-02
        4.66269851e-02 0. 0.</data></histogram></_>
  <_><id>7</id>
    <height>9.8548710346221924e-02</height>
    <contour2d>
      5.52381992e-01 -6.18074052e-02 5.69014966e-01 -3.77312601e-02
      5.69014966e-01 -3.63158472e-02 5.68351388e-01 -3.34440693e-02
      5.60672104e-01 -1.07168704e-02 5.55631518e-01 -9.12852213e-03
      5.52855432e-01 -9.09303967e-03 5.42643428e-01 -1.26495222e-02
      5.36916733e-01 -2.04099547e-02 5.35560250e-01 -2.29536779e-02
      5.34256041e-01 -2.93316804e-02 5.34093201e-01 -3.72412838e-02
      5.35560131e-01 -4.63361368e-02 5.39903879e-01 -5.72113171e-02
      5.45609593e-01 -6.30266592e-02 5.47168732e-01 -6.30284771e-02</contour2d>
    <histogram type_id="opencv-matrix">
      <rows>20</rows>
      <cols>1</cols>
      <dt>f</dt>
      <data>
        6.97896779e-02 3.95793498e-01 4.31166351e-01 1.81644354e-02 0.
        0. 0. 0. 0. 0. 0. 0. 0. 0. 0. 4.78011463e-03 2.86806878e-02
        5.16252369e-02 0. 0.</data></histogram></_>
  <_><id>8</id>
    <height>9.8085343837738037e-02</height>
    <contour2d>
      5.76751232e-01 -2.36426685e-02 5.67416668e-01 -2.35755704e-02
      5.39961159e-01 -2.42578574e-02 5.37997603e-01 -3.44203524e-02
      5.37997603e-01 -3.70010510e-02 5.39153695e-01 -5.77076562e-02
      5.39903879e-01 -5.85849993e-02 5.47168732e-01 -6.30284771e-02
      5.48727870e-01 -6.16496615e-02 5.74190557e-01 -3.47804800e-02
      5.76207638e-01 -2.78319418e-02 5.76751232e-01 -2.50615049e-02</contour2d>
    <histogram type_id="opencv-matrix">
      <rows>20</rows>
      <cols>1</cols>
      <dt>f</dt>
      <data>
        5.31674214e-02 3.86877835e-01 4.44570154e-01 2.71493234e-02
        6.78733084e-03 0. 1.13122177e-03 0. 0. 0. 0. 0. 0. 0. 0.
        2.26244354e-03 3.73303182e-02 4.07239832e-02 0. 0.</data></histogram></_>
  <_><id>9</id>
    <height>9.8164439201354980e-02</height>
    <contour2d>
      5.70462823e-01 -6.28261119e-02 5.72845697e-01 -5.86087927e-02
      5.72845697e-01 -5.57953790e-02 5.70062876e-01 -4.92930375e-02
      5.52748740e-01 -2.85378098e-02 5.46802402e-01 -2.19489243e-02
      5.46059132e-01 -2.19480600e-02 5.37062883e-01 -2.69198827e-02
      5.34872532e-01 -2.96210032e-02 5.32626212e-01 -4.89307866e-02
      5.32626212e-01 -5.28278537e-02 5.33359647e-01 -5.54267727e-02
      5.36916614e-01 -5.94849400e-02 5.41788578e-01 -6.11942261e-02
      5.64108610e-01 -6.56321198e-02 5.64902842e-01 -6.56330436e-02</contour2d>
    <histogram type_id="opencv-matrix">
      <rows>20</rows>
      <cols>1</cols>
      <dt>f</dt>
      <data>
