<?xml version="1.0"?>
<opencv_storage>
<obj>
  <_><id>1</id>
    <height>1.9603270292282104e-01</height>
    <contour2d>
      4.34312463e-01 3.40270698e-02 4.22579825e-01 3.62676755e-02
      4.19032395e-01 3.65364850e-02 4.14791942e-01 3.63836177e-02
      4.10877526e-01 3.53806987e-02 4.09016013e-01 3.46627608e-02
      4.03543413e-01 2.31751166e-02 3.99087071e-01 1.05250180e-02
      3.99087071e-01 6.75819768e-03 4.02490914e-01 -1.45298457e-02
      4.17477131e-01 -2.44406480e-02 4.19587314e-01 -2.43564490e-02
      4.22091544e-01 -2.29708366e-02 4.31280077e-01 -1.37136886e-02
      4.36389506e-01 -7.28401728e-03 4.39006627e-01 5.67634683e-03
      4.39006627e-01 8.27440992e-03 4.36389625e-01 3.15304473e-02</contour2d>
    <histogram type_id="opencv-matrix">
      <rows>20</rows>
      <cols>1</cols>
      <dt>f</dt>
      <data>
        3.69784176e-01 8.87290165e-02 2.30215825e-02 7.67386099e-03
        2.87769781e-03 0. 0. 0. 0. 0. 0. 0. 0. 4.79616312e-04
        1.91846525e-03 9.11271013e-03 5.56354932e-02 4.40767378e-01 0.
        0.</data></histogram></_>
  <_><id>2</id>
    <height>1.9364166259765625e-01</height>
    <contour2d>
      4.17477131e-01 -2.44406480e-02 4.21886325e-01 -2.28903852e-02
      4.27158415e-01 -1.87723264e-02 4.32335556e-01 -1.37505364e-02
      4.37403023e-01 -8.15575710e-04 4.39006627e-01 5.67634683e-03
      4.39006627e-01 6.97537791e-03 4.35323179e-01 3.14457342e-02
      4.34312463e-01 3.27367224e-02 4.23373222e-01 3.73022184e-02
      4.19722795e-01 3.82487178e-02 4.18629050e-01 3.82494107e-02
      4.08041835e-01 3.60286646e-02 4.03556883e-01 3.33540142e-02
      3.99592817e-01 4.26531769e-03 4.01568115e-01 -3.30082863e-03
      4.05518591e-01 -1.59115214e-02</contour2d>
    <histogram type_id="opencv-matrix">
      <rows>20</rows>
      <cols>1</cols>
      <dt>f</dt>
      <data>
        3.74002814e-01 8.68137032e-02 1.87705308e-02 9.38526541e-03
        2.34631635e-03 0. 0. 0. 0. 0. 0. 0. 0. 4.69263265e-04
        2.34631635e-03 1.03237918e-02 6.71046451e-02 4.28437352e-01 0.
        0.</data></histogram></_>
  <_><id>3</id>
    <height>1.9203031063079834e-01</height>
    <contour2d>
      4.29742992e-01 4.34583193e-03 4.29742992e-01 5.63444337e-03
      4.27158475e-01 1.71627607e-02 4.25105870e-01 1.96767319e-02
      4.20539379e-01 2.34225579e-02 4.12019551e-01 2.96786390e-02
      3.86668026e-01 3.48994471e-02 3.73809874e-01 2.50363760e-02
      3.72848094e-01 2.38091554e-02 3.73809874e-01 1.15303183e-02
      3.76209438e-01 4.16808203e-03 3.77172589e-01 2.93793273e-03
      3.83922338e-01 -3.23931291e-03 3.85861993e-01 -4.49241465e-03
      3.89769375e-01 -5.96076017e-03 4.03041482e-01 -8.33391398e-03
      4.11991060e-01 -8.38414486e-03 4.23100650e-01 -5.92045952e-03
      4.26153123e-01 -3.37092672e-03</contour2d>
    <histogram type_id="opencv-matrix">
      <rows>20</rows>
      <cols>1</cols>
      <dt>f</dt>
      <data>
        3.16100448e-01 6.12998493e-02 1.69867054e-02 1.99409146e-02
        2.95420969e-03 0. 0. 0. 0. 0. 0. 0. 0. 0. 0. 1.47710484e-03
        2.80649923e-02 5.53175747e-01 0. 0.</data></histogram></_>
  <_><id>4</id>
    <height>1.9471740722656250e-01</height>
    <contour2d>
      4.01604831e-01 -2.09093671e-02 4.09498930e-01 -1.72214881e-02
      4.11991060e-01 -1.47142923e-02 4.15516973e-01 -9.69102513e-03
      4.16545212e-01 -7.16799917e-03 4.16512787e-01 4.29196283e-03
      4.15997207e-01 9.36409738e-03 4.13460433e-01 2.07048226e-02
      4.10931766e-01 2.43972614e-02 3.97187173e-01 4.25454155e-02
      3.96910787e-01 4.26483378e-02 3.89493704e-01 3.99444215e-02
      3.81499648e-01 2.89607141e-02 3.80688071e-01 2.53182836e-02
      3.79252434e-01 8.44936445e-03 3.80991876e-01 -2.00242177e-03
      3.83420050e-01 -9.47753526e-03 3.93050432e-01 -1.93516631e-02
      3.96614075e-01 -2.07781326e-02</contour2d>
    <histogram type_id="opencv-matrix">
      <rows>20</rows>
      <cols>1</cols>
      <dt>f</dt>
      <data>
        2.45533437e-01 3.62429805e-02 6.63603889e-03 8.16743262e-03
        3.57325189e-03 1.53139362e-03 0. 0. 0. 0. 0. 0. 0. 0.
        1.53139362e-03 6.12557447e-03 1.09239414e-01 5.81419110e-01 0.
        0.</data></histogram></_>
  <_><id>5</id>
    <height>1.9545894861221313e-01</height>
    <contour2d>
      4.12982881e-01 2.83301063e-02 4.04531121e-01 3.32610607e-02
      4.01830733e-01 3.42419371e-02 4.00731564e-01 3.42426300e-02
      3.93183410e-01 3.29450704e-02 3.82951081e-01 2.52808239e-02
      3.74735892e-01 2.95293122e-03 3.75229776e-01 -1.55473603e-02
      3.77161503e-01 -1.80146601e-02 3.90935719e-01 -2.12030709e-02
      4.02517974e-01 -1.58233698e-02 4.12982762e-01 -4.58669243e-03
      4.15002823e-01 3.01721087e-03 4.15002823e-01 5.55620249e-03</contour2d>
    <histogram type_id="opencv-matrix">
      <rows>20</rows>
      <cols>1</cols>
      <dt>f</dt>
      <data>
        3.04275393e-01 2.49861181e-02 8.32870603e-03 8.32870603e-03
        1.66574121e-03 1.11049414e-03 0. 0. 0. 0. 0. 0. 0. 0.
        1.11049414e-03 3.33148241e-03 6.21876717e-02 5.84675193e-01 0.
        0.</data></histogram></_>
  <_><id>6</id>
    <height>1.9499528408050537e-01</height>
    <contour2d>
      4.22098041e-01 -7.19972933e-03 4.22098041e-01 -5.91982622e-03
      4.18504357e-01 9.37568210e-03 4.15441096e-01 1.31178098e-02
      4.13974583e-01 1.44031504e-02 4.10489321e-01 1.69138052e-02
      3.95139575e-01 2.29545143e-02 3.83642673e-01 2.52208859e-02
      3.82569373e-01 2.52215639e-02 3.78059506e-01 2.39152741e-02
      3.74709964e-01 2.02973187e-02 3.69467437e-01 1.40088350e-02
      3.68381381e-01 9.17030498e-03 3.67502868e-01 2.95301597e-03
      3.68504286e-01 4.84281685e-04 3.72848034e-01 -6.88639563e-03
      3.75405550e-01 -9.97480750e-03 3.79093230e-01 -1.30837290e-02
      3.88784111e-01 -1.69287920e-02 4.07972813e-01 -1.71506219e-02
      4.12982762e-01 -1.59809310e-02</contour2d>
    <histogram type_id="opencv-matrix">
      <rows>20</rows>
      <cols>1</cols>
      <dt>f</dt>
      <data>
        4.87804860e-01 6.02134131e-02 1.67682916e-02 1.29573168e-02
        3.81097547e-03 0. 0. 0. 0. 0. 0. 0. 0. 7.62195094e-04 0.
        3.04878037e-03 2.21036579e-02 3.91768277e-01 0. 7.62195094e-04</data></histogram></_>
  <_><id>7</id>
    <height>2.2734224796295166e-02</height>
    <contour2d>
      5.22458076e-01 -5.90789737e-03 5.22204876e-01 -4.28362843e-03
      5.03163576e-01 2.23091291e-03 4.83188629e-01 6.99359598e-03
      3.48856270e-01 3.21357101e-02 3.39536667e-01 3.34105007e-02
      3.35696995e-01 3.37405764e-02 3.35388541e-01 3.35769467e-02
      3.33550751e-01 3.06376629e-02 3.30331445e-01 9.09765624e-03
      3.27532232e-01 -1.51315378e-02 3.27532232e-01 -2.22952850e-02
      3.27663302e-01 -2.35570911e-02 3.39877665e-01 -2.80341078e-02
      3.53360653e-01 -3.13544609e-02 3.82977426e-01 -3.79378945e-02
      5.10737598e-01 -5.44102080e-02 5.17316639e-01 -4.62227985e-02
      5.18581748e-01 -4.13782485e-02 5.19846976e-01 -3.49186882e-02
      5.22458076e-01 -9.17277951e-03</contour2d>
    <histogram type_id="opencv-matrix">
      <rows>20</rows>
      <cols>1</cols>
      <dt>f</dt>
      <data>
        1.53630570e-01 3.08280233e-02 1.55414008e-02 6.11464959e-03
        1.52866240e-03 0. 0. 0. 0. 5.09554113e-04 2.54777056e-04
        1.27388525e-03 4.84076422e-03 4.07643290e-03 9.68152843e-03
        2.57324819e-02 1.15159228e-01 5.10573208e-01 0. 1.20254770e-01</data></histogram></_>
  <_><id>8</id>
    <height>4.0899217128753662e-02</height>
    <contour2d>
      4.53517437e-01 -1.40979797e-01 4.64409590e-01 -1.32383391e-01
      4.76409376e-01 -1.21706717e-01 4.84977543e-01 -1.13543168e-01
      4.84977543e-01 -1.11957557e-01 4.84709382e-01 -1.10612951e-01
      4.83735561e-01 -1.08785674e-01 4.33845103e-01 -2.69520637e-02
      3.85301113e-01 4.65980582e-02 3.83331537e-01 4.79692556e-02
      3.81815851e-01 4.80833836e-02 3.66482496e-01 4.65652421e-02
      3.36909473e-01 1.77720599e-02 3.36510837e-01 1.63832624e-02
