<?xml version="1.0"?>
<opencv_storage>
<obj>
  <_><id>1</id>
    <height>1.7531573772430420e-01</height>
    <contour2d>
      5.02722263e-01 -4.97583039e-02 5.06879032e-01 -4.95750867e-02
      5.20613253e-01 -3.09492052e-02 5.22907495e-01 -2.72267405e-02
      5.22228897e-01 -3.36551899e-03 5.21421134e-01 3.96854186e-04
      5.12614906e-01 1.80150196e-02 5.04425228e-01 1.63202323e-02
      4.93716627e-01 -1.06602618e-02 4.92549837e-01 -1.67377144e-02
      4.92549837e-01 -2.16350835e-02 4.96567726e-01 -4.64427434e-02</contour2d>
    <histogram type_id="opencv-matrix">
      <rows>20</rows>
      <cols>1</cols>
      <dt>f</dt>
      <data>
        7.93301035e-03 1.63067430e-02 3.52578238e-03 8.81445594e-04 0.
        0. 0. 0. 1.76289119e-03 2.20361399e-03 3.61392684e-02
        3.97091240e-01 3.75936538e-01 9.60775688e-02 2.07139719e-02
        1.80696342e-02 1.05773471e-02 1.14587927e-02 1.32216839e-03 0.</data></histogram></_>
  <_><id>2</id>
    <height>1.7334848642349243e-01</height>
    <contour2d>
      5.09990454e-01 -1.07188402e-02 5.08524120e-01 -9.46999621e-03
      5.01765609e-01 -4.51436080e-03 4.82647389e-01 -8.07736767e-04
      4.75911975e-01 -8.00360576e-04 4.67496276e-01 -1.20102223e-02
      4.64837611e-01 -2.35003140e-02 4.64241683e-01 -3.85769419e-02
      4.81042892e-01 -3.89281474e-02 4.94643539e-01 -3.85606177e-02
      5.08941293e-01 -3.42732333e-02 5.13350308e-01 -2.94458009e-02
      5.13350308e-01 -2.69588865e-02 5.12132108e-01 -1.57026015e-02</contour2d>
    <histogram type_id="opencv-matrix">
      <rows>20</rows>
      <cols>1</cols>
      <dt>f</dt>
      <data>
        0. 3.12500005e-03 7.81250012e-04 0. 7.81250012e-04 0. 0. 0.
        7.81250012e-04 3.90625000e-03 2.18749996e-02 3.78125012e-01
        5.64062536e-01 1.95312500e-02 6.25000009e-03 0. 0.
        7.81250012e-04 0. 0.</data></histogram></_>
  <_><id>3</id>
    <height>1.7595273256301880e-01</height>
    <contour2d>
      4.80270326e-01 5.48396306e-03 4.78645861e-01 5.48549881e-03
      4.76209104e-01 4.22697794e-03 4.67730194e-01 -9.14022885e-03
      4.65424359e-01 -1.39104249e-02 4.63292509e-01 -2.20376961e-02
      4.63292480e-01 -2.55804863e-02 4.63853717e-01 -3.16662677e-02
      4.64835286e-01 -3.77884395e-02 4.68412995e-01 -5.16615137e-02
      4.69231963e-01 -5.29335588e-02 4.71730798e-01 -5.39133586e-02
      4.72545266e-01 -5.39141297e-02 4.77492929e-01 -5.05556986e-02
      4.95427817e-01 -3.12569104e-02 4.97535944e-01 -2.64632683e-02
      4.97535944e-01 -2.28006467e-02 4.92784768e-01 -3.23824282e-03
      4.84263837e-01 4.19359328e-03</contour2d>
    <histogram type_id="opencv-matrix">
      <rows>20</rows>
      <cols>1</cols>
      <dt>f</dt>
      <data>
        4.05022263e-04 0. 0. 0. 0. 0. 0. 0. 0. 3.24017811e-03
        2.51113810e-02 2.67314702e-01 6.06723368e-01 8.58647227e-02
        1.05305789e-02 4.05022263e-04 0. 0. 4.05022263e-04 0.</data></histogram></_>
  <_><id>4</id>
    <height>1.7457020282745361e-01</height>
    <contour2d>
      4.87059027e-01 -4.17896286e-02 4.96749401e-01 -3.37877646e-02
      4.97535944e-01 -2.64632683e-02 4.97535944e-01 -2.40215044e-02
      4.96996403e-01 -1.29973497e-02 4.96212155e-01 -8.12702347e-03
      4.91463155e-01 -3.22903832e-03 4.73762900e-01 7.96515401e-03
      4.64025468e-01 6.76014600e-03 4.61210549e-01 5.68192312e-03
      4.59656149e-01 -6.93934457e-03 4.59656149e-01 -1.06280604e-02
      4.66271579e-01 -2.86327880e-02 4.71757591e-01 -4.26688902e-02
      4.73760605e-01 -4.27794643e-02 4.80163932e-01 -4.25681546e-02</contour2d>
    <histogram type_id="opencv-matrix">
      <rows>20</rows>
      <cols>1</cols>
      <dt>f</dt>
      <data>
        0. 0. 1.23456796e-03 0. 0. 0. 0. 6.17283978e-04 2.46913591e-03
        6.17283955e-03 5.92592619e-02 3.64197552e-01 4.53086436e-01
        9.25925970e-02 1.41975312e-02 3.08641978e-03 6.17283978e-04 0.
        2.46913591e-03 0.</data></histogram></_>
  <_><id>5</id>
    <height>1.7272067070007324e-01</height>
    <contour2d>
      5.04013896e-01 -3.28020640e-02 5.04013956e-01 -2.91133933e-02
      5.03347576e-01 -2.29331981e-02 4.99109000e-01 -1.42559931e-02
      4.90445375e-01 -6.86739106e-03 4.84465122e-01 -3.22242221e-03
      4.76049960e-01 -7.99986825e-04 4.75273550e-01 -7.99252710e-04
      4.61646318e-01 -7.06985127e-03 4.59656149e-01 -8.16893205e-03
      4.58108246e-01 -1.10009341e-02 4.56888050e-01 -1.93916485e-02
      4.56715226e-01 -2.34926343e-02 4.56888020e-01 -2.55915467e-02
      4.58585620e-01 -3.25836241e-02 4.61646259e-01 -3.71628255e-02
      4.62674797e-01 -3.79442126e-02 4.66487050e-01 -3.97363640e-02
      4.72582042e-01 -4.14780639e-02 4.82635200e-01 -4.04059403e-02
      4.92004871e-01 -3.83407623e-02 4.95427787e-01 -3.73439267e-02
      5.00437260e-01 -3.51104178e-02</contour2d>
    <histogram type_id="opencv-matrix">
      <rows>20</rows>
      <cols>1</cols>
      <dt>f</dt>
      <data>
        0. 0. 0. 0. 0. 0. 9.87166888e-04 1.97433378e-03 2.96150055e-03
        1.08588357e-02 4.24481779e-02 2.93188572e-01 5.36031604e-01
        7.20631853e-02 1.87561717e-02 5.92300110e-03 1.08588357e-02
        9.87166888e-04 2.96150055e-03 0.</data></histogram></_>
  <_><id>6</id>
    <height>2.1552801132202148e-02</height>
    <contour2d>
      6.07023001e-01 -4.74442244e-02 6.07023001e-01 -4.28021289e-02
      6.02038860e-01 -2.11342797e-02 5.33366740e-01 -3.84937716e-03
      5.10838568e-01 -2.31378246e-03 4.56979603e-01 -8.23805574e-04
      4.33024049e-01 -7.91577389e-04 4.32282418e-01 -1.39011927e-02
      4.31966305e-01 -5.19934595e-02 4.41004753e-01 -5.39446436e-02
      4.67823267e-01 -5.80225401e-02 5.03616691e-01 -6.30870089e-02
      5.10426164e-01 -6.36318624e-02 5.29531360e-01 -6.45729378e-02
      5.56670487e-01 -6.48811385e-02 5.92050195e-01 -6.21340871e-02
      5.95296085e-01 -6.07453845e-02 6.00472927e-01 -5.64701930e-02</contour2d>
    <histogram type_id="opencv-matrix">
      <rows>20</rows>
      <cols>1</cols>
      <dt>f</dt>
      <data>
        6.74536265e-03 2.63069142e-02 3.03541333e-03 0. 0.
        3.37268139e-04 0. 2.02360889e-03 1.01180444e-03 6.40809443e-03
        6.81281611e-02 4.45531219e-01 2.90725142e-01 9.10623968e-02
        2.02360880e-02 1.38279935e-02 1.34907253e-02 7.08263088e-03
        3.70994955e-03 3.37268139e-04</data></histogram></_>
  <_><id>7</id>
    <height>1.8416464328765869e-02</height>
    <contour2d>
      6.13255978e-01 -3.99328806e-02 6.13255978e-01 -3.83768529e-02
      6.10958874e-01 -1.96593385e-02 6.08019888e-01 -1.80451833e-02
      5.51360250e-01 -5.38981520e-03 5.30046701e-01 -9.23137413e-04
      4.54371691e-01 1.87742396e-03 4.46472883e-01 1.87004602e-03
      4.38437283e-01 5.28304779e-04 4.34610367e-01 -2.11622287e-03
      4.32907581e-01 -4.75782948e-03 4.32381034e-01 -6.07146323e-03
      4.32175994e-01 -1.00055365e-02 4.31966424e-01 -2.17963122e-02
      4.31966335e-01 -4.67417575e-02 4.42716479e-01 -4.99606207e-02
      4.49927568e-01 -5.17614968e-02 5.06268084e-01 -6.04825504e-02
      5.27407527e-01 -6.15307540e-02 5.48922718e-01 -6.13269769e-02
      6.04957581e-01 -6.00207709e-02 6.06957972e-01 -5.69174886e-02
      6.11251056e-01 -4.77112494e-02</contour2d>
    <histogram type_id="opencv-matrix">
      <rows>20</rows>
      <cols>1</cols>
      <dt>f</dt>
      <data>
        0. 0. 0. 0. 0. 0. 0. 2.92483193e-04 2.92483193e-04
        8.77449580e-04 3.77303325e-02 5.16525328e-01 4.04211760e-01
        3.36355679e-02 3.80228157e-03 2.92483193e-04 0. 0.
        2.33986555e-03 0.</data></histogram></_>
  <_><id>8</id>
    <height>2.5387644767761230e-02</height>
    <contour2d>
      5.10578930e-01 6.13831803e-02 4.87261415e-01 6.07220381e-02
      4.81188834e-01 5.47150038e-02 4.80293751e-01 5.33265099e-02
      4.78280783e-01 4.76505235e-02 4.76830006e-01 1.85250342e-02
      4.75485563e-01 -4.62962277e-02 4.75485504e-01 -6.14451468e-02
      4.82332051e-01 -1.20366998e-01 4.87529755e-01 -1.21281475e-01
