<?xml version="1.0"?>
<opencv_storage>
<obj>
  <_><id>1</id>
    <height>1.3381785154342651e-01</height>
    <contour2d>
      5.77508390e-01 -2.13480275e-02 5.77500343e-01 -2.00455245e-02
      5.76187730e-01 -1.60941053e-02 5.72165489e-01 -5.69020724e-03
      5.61884880e-01 1.01939747e-02 5.60798407e-01 1.15645109e-02
      5.57656348e-01 1.38800507e-02 5.55399179e-01 1.51598537e-02
      5.54364681e-01 1.51535012e-02 5.29554009e-01 -9.62725934e-03
      5.28454840e-01 -1.10493982e-02 5.28463602e-01 -1.24647310e-02
      5.29555321e-01 -1.67527441e-02 5.40764987e-01 -4.10198718e-02
      5.49742222e-01 -4.91347648e-02 5.50855994e-01 -4.96412590e-02
      5.53093672e-01 -4.96275201e-02</contour2d>
    <histogram type_id="opencv-matrix">
      <rows>20</rows>
      <cols>1</cols>
      <dt>f</dt>
      <data>
        2.56124735e-01 4.18708265e-01 7.27542713e-02 5.93912415e-03
        7.42390519e-04 7.42390519e-04 1.48478104e-03 1.48478104e-03
        7.42390519e-04 3.71195260e-03 1.48478104e-02 1.33630298e-02
        1.11358576e-02 1.63325910e-02 8.90868623e-03 1.33630298e-02
        1.63325910e-02 5.56792878e-02 0. 8.76020789e-02</data></histogram></_>
  <_><id>2</id>
    <height>1.3982200622558594e-01</height>
    <contour2d>
      5.60688615e-01 1.29165472e-02 5.57462811e-01 1.28967399e-02
      5.46082258e-01 1.00530637e-02 5.41587710e-01 -3.97762470e-03
      5.39397955e-01 -1.25877121e-02 5.39379358e-01 -1.69346463e-02
      5.39638519e-01 -1.99173428e-02 5.43807387e-01 -3.93888131e-02
      5.45814514e-01 -4.19153869e-02 5.48041821e-01 -4.34263274e-02
      5.50254941e-01 -4.34127375e-02 5.66516757e-01 -3.42899524e-02
      5.70300341e-01 -3.15784812e-02 5.75050831e-01 -2.62942240e-02
      5.81831336e-01 -1.61632858e-02 5.81807017e-01 -1.22454530e-02
      5.62142134e-01 1.15202032e-02</contour2d>
    <histogram type_id="opencv-matrix">
      <rows>20</rows>
      <cols>1</cols>
      <dt>f</dt>
      <data>
        2.48397440e-01 4.73557711e-01 6.65064082e-02 5.60897449e-03
        2.40384624e-03 1.60256412e-03 3.20512825e-03 1.60256412e-03
        2.40384624e-03 8.01282062e-04 1.04166670e-02 1.28205130e-02
        8.81410297e-03 1.28205130e-02 7.21153850e-03 8.01282097e-03
        1.20192310e-02 5.68910278e-02 0. 6.49038479e-02</data></histogram></_>
  <_><id>3</id>
    <height>7.1794748306274414e-02</height>
    <contour2d>
      5.67047954e-01 1.89111978e-02 5.60450673e-01 1.71584748e-02
      5.44735789e-01 4.92205727e-04 5.43683887e-01 -8.68858653e-04
      5.39463401e-01 -1.10854525e-02 5.38328767e-01 -2.29377430e-02
      5.42395115e-01 -2.50832569e-02 5.43501675e-01 -2.50764620e-02
      5.46203673e-01 -2.10837536e-02 5.68263531e-01 1.75730810e-02</contour2d>
    <histogram type_id="opencv-matrix">
      <rows>20</rows>
      <cols>1</cols>
      <dt>f</dt>
      <data>
        1.99288249e-01 6.86832726e-01 6.04982190e-02 1.77935942e-03 0.
        0. 0. 0. 0. 0. 0. 0. 0. 0. 0. 1.77935942e-03 1.60142351e-02
        3.38078290e-02 0. 0.</data></histogram></_>
  <_><id>4</id>
    <height>1.3288575410842896e-01</height>
    <contour2d>
      5.91626525e-01 -1.75199006e-02 5.88875413e-01 -1.09530576e-02
      5.84833384e-01 -5.69687784e-03 5.80454051e-01 -3.09458002e-03
      5.61733246e-01 -3.26108467e-03 5.53630590e-01 -6.02119509e-03
      5.51564336e-01 -7.35896360e-03 5.45978963e-01 -1.47832753e-02
      5.44506788e-01 -1.91386212e-02 5.46152830e-01 -2.70195212e-02
      5.48433542e-01 -3.13247293e-02 5.51824212e-01 -3.71598452e-02
      5.61003685e-01 -4.68385927e-02 5.62407136e-01 -4.74542640e-02
      5.66556811e-01 -4.83652316e-02 5.67515016e-01 -4.74856459e-02
      5.88956714e-01 -2.40646377e-02 5.91634691e-01 -1.88328233e-02</contour2d>
    <histogram type_id="opencv-matrix">
      <rows>20</rows>
      <cols>1</cols>
      <dt>f</dt>
      <data>
        1.40295357e-01 4.59915578e-01 8.64978880e-02 1.26582272e-02
        4.21940908e-03 1.05485227e-03 4.21940908e-03 1.05485227e-03 0.
        1.05485227e-03 1.26582272e-02 1.05485227e-02 2.42616013e-02
        2.00421922e-02 1.89873409e-02 1.37130795e-02 2.00421922e-02
        2.63713077e-02 0. 1.42405063e-01</data></histogram></_>
  <_><id>5</id>
    <height>1.3380622863769531e-01</height>
    <contour2d>
      5.69973946e-01 -4.72721756e-02 5.88948548e-01 -2.27534994e-02
      5.90615153e-01 -2.01520082e-02 5.90590715e-01 -1.62133351e-02
      5.88875413e-01 -1.09530576e-02 5.85771918e-01 -7.03849876e-03
      5.71407914e-01 4.69245110e-03 5.54760456e-01 5.91880875e-03
      5.52697003e-01 3.24897841e-03 5.51113129e-01 -3.62701109e-03
      5.49462318e-01 -1.54814189e-02 5.49506903e-01 -2.26797629e-02
      5.53012609e-01 -3.98309194e-02 5.62298119e-01 -4.72052172e-02
      5.66575527e-01 -4.74144295e-02</contour2d>
    <histogram type_id="opencv-matrix">
      <rows>20</rows>
      <cols>1</cols>
      <dt>f</dt>
      <data>
        1.35399669e-01 5.40783048e-01 7.99347460e-02 1.30505711e-02
        3.26264277e-03 3.26264277e-03 0. 2.44698208e-03 2.44698208e-03
        1.63132139e-03 6.52528554e-03 6.52528554e-03 1.63132139e-02
        1.30505711e-02 7.34094623e-03 1.30505711e-02 2.61011422e-02
        4.64926586e-02 0. 8.23817328e-02</data></histogram></_>
  <_><id>6</id>
    <height>1.4028429985046387e-01</height>
    <contour2d>
      5.65158248e-01 1.17279366e-02 5.62966824e-01 1.17144799e-02
      5.60784101e-01 1.03012919e-02 5.52225351e-01 -1.02987997e-02
      5.50542235e-01 -2.17110496e-02 5.50550401e-01 -2.30239239e-02
      5.50989509e-01 -2.56090108e-02 5.55118322e-01 -3.59772407e-02
      5.59987962e-01 -4.75318618e-02 5.62462211e-01 -4.89924923e-02
      5.64566314e-01 -4.87229116e-02 5.67515016e-01 -4.74856459e-02
      5.85631490e-01 -2.92432569e-02 5.88964820e-01 -2.53758263e-02
      5.91928005e-01 -2.02062875e-02 5.91991782e-01 -3.13542737e-03
      5.87095320e-01 3.46065639e-03</contour2d>
    <histogram type_id="opencv-matrix">
      <rows>20</rows>
      <cols>1</cols>
      <dt>f</dt>
      <data>
        1.32237315e-01 5.74696243e-01 9.22087207e-02 6.43316656e-03 0.
        7.14796304e-04 3.57398158e-03 3.57398158e-03 0. 1.42959261e-03
        5.00357430e-03 7.86275975e-03 7.86275975e-03 1.07219443e-02
        1.35811297e-02 1.07219443e-02 1.71551108e-02 2.07290929e-02 0.
        9.14939269e-02</data></histogram></_>
  <_><id>7</id>
    <height>1.3845270872116089e-01</height>
    <contour2d>
      5.53458691e-01 -3.88399959e-02 5.58168292e-01 -3.86556797e-02
      5.84979057e-01 -2.92039365e-02 5.88678122e-01 -2.53013540e-02
      5.90623260e-01 -2.14649346e-02 5.90598822e-01 -1.75262112e-02
      5.88763237e-01 -8.37798510e-03 5.75259984e-01 1.60836242e-02
      5.72009504e-01 1.75087899e-02 5.65070212e-01 1.19691668e-02
      5.54911137e-01 -2.54531996e-03 5.52763939e-01 -1.12110870e-02
      5.52492619e-01 -1.85356736e-02</contour2d>
    <histogram type_id="opencv-matrix">
      <rows>20</rows>
      <cols>1</cols>
      <dt>f</dt>
      <data>
        1.19932435e-01 6.27533793e-01 8.27702731e-02 1.26689188e-02
        8.44594650e-03 0. 0. 8.44594615e-04 0. 0. 1.01351356e-02
        1.09797297e-02 5.91216236e-03 7.60135148e-03 6.75675692e-03
        7.60135148e-03 1.09797297e-02 3.04054059e-02 0. 5.74324355e-02</data></histogram></_>
  <_><id>8</id>
    <height>7.4178993701934814e-02</height>
    <contour2d>
      5.86187482e-01 1.61320977e-02 5.81865132e-01 1.89573113e-02
      5.80342591e-01 1.90055128e-02 5.67297995e-01 1.34104593e-02
      5.65069914e-01 1.19814919e-02 5.56089997e-01 -3.96237848e-03
      5.46635032e-01 -2.17816066e-02 5.46039641e-01 -2.44600791e-02
      5.45590520e-01 -3.55845727e-02 5.47760129e-01 -3.55711989e-02
      5.86222470e-01 1.05054127e-02</contour2d>
    <histogram type_id="opencv-matrix">
      <rows>20</rows>
      <cols>1</cols>
      <dt>f</dt>
      <data>
        1.23076931e-01 7.09890127e-01 7.25274757e-02 2.19780230e-03 0.
        0. 0. 0. 0. 0. 0. 0. 0. 0. 0. 2.19780230e-03 0. 2.19780225e-02
