<?xml version="1.0"?>
<opencv_storage>
<obj>
  <_><id>0</id>
    <height>1.6264271736145020e-01</height>
    <contour2d>
      7.50908494e-01 7.05103055e-02 7.44186521e-01 7.10019618e-02
      7.41435826e-01 6.79470152e-02 7.35059679e-01 5.53441159e-02
      7.32394040e-01 4.65436541e-02 7.31420815e-01 3.02529801e-02
      7.31750190e-01 2.74248943e-02 7.33631730e-01 2.02242490e-02
      7.36811519e-01 1.37318140e-02 7.41700828e-01 1.24346390e-02
      7.51304328e-01 1.36879999e-02 7.54736841e-01 2.06606667e-02
      7.58885443e-01 2.99082454e-02 7.59813666e-01 3.96294929e-02
      7.59813666e-01 4.10123467e-02 7.58610785e-01 5.76086119e-02
      7.55169213e-01 6.64269328e-02</contour2d>
    <histogram type_id="opencv-matrix">
      <rows>20</rows>
      <cols>1</cols>
      <dt>f</dt>
      <data>
        6.01145029e-02 2.86259539e-02 1.66984741e-02 4.29389300e-03
        7.15648849e-03 1.90839695e-03 3.81679391e-03 1.38358781e-02
        2.43320614e-02 7.25190863e-02 1.70801520e-01 1.20706104e-01
        3.95992361e-02 3.14885490e-02 2.14694664e-02 4.81870249e-02
        1.04007632e-01 1.57442749e-01 1.43129774e-03 7.15648830e-02</data></histogram></_>
  <_><id>1</id>
    <height>1.6151916980743408e-01</height>
    <contour2d>
      7.59514689e-01 8.09717253e-02 7.58870959e-01 8.09727833e-02
      7.51703858e-01 7.77411684e-02 7.46045411e-01 7.31565803e-02
      7.39274025e-01 6.32610694e-02 7.35756695e-01 5.72900400e-02
      7.35144436e-01 5.58834299e-02 7.34796703e-01 5.45515455e-02
      7.34073102e-01 4.22531180e-02 7.35144377e-01 3.75843905e-02
      7.47049391e-01 2.03673784e-02 7.54943609e-01 1.75528694e-02
      7.57548451e-01 1.75485741e-02 7.58932412e-01 2.50875708e-02
      7.61170685e-01 8.05464536e-02</contour2d>
    <histogram type_id="opencv-matrix">
      <rows>20</rows>
      <cols>1</cols>
      <dt>f</dt>
      <data>
        4.60491888e-02 1.30821560e-02 5.75614860e-03 2.09314493e-03
        2.61643110e-03 2.09314493e-03 5.75614860e-03 8.89586564e-03
        2.40711663e-02 7.11669251e-02 2.56933540e-01 1.98848769e-01
        5.28519079e-02 4.13396135e-02 2.87807435e-02 3.81998941e-02
        6.59340620e-02 6.38409182e-02 5.23286231e-04 7.11669251e-02</data></histogram></_>
  <_><id>2</id>
    <height>1.6124284267425537e-01</height>
    <contour2d>
      7.57856727e-01 2.81222891e-02 7.62140632e-01 2.96255443e-02
      7.64009774e-01 3.10548451e-02 7.64009774e-01 3.39196026e-02
      7.59502292e-01 8.49167630e-02 7.53068149e-01 8.42706934e-02
      7.46672094e-01 7.95692801e-02 7.39493608e-01 6.27411827e-02
      7.38882899e-01 4.87040952e-02 7.40676582e-01 3.78812030e-02
      7.42322266e-01 3.38621847e-02 7.56613970e-01 2.81243362e-02</contour2d>
    <histogram type_id="opencv-matrix">
      <rows>20</rows>
      <cols>1</cols>
      <dt>f</dt>
      <data>
        3.90268639e-02 1.01368483e-02 5.06842416e-03 4.56158165e-03
        5.06842416e-03 2.02736957e-03 5.57526620e-03 1.72326416e-02
        4.00405489e-02 8.31221491e-02 3.04105431e-01 1.97161689e-01
        8.05879384e-02 4.35884446e-02 1.67257991e-02 2.43284348e-02
        5.57526648e-02 4.56158146e-02 2.53421208e-03 1.77394841e-02</data></histogram></_>
  <_><id>3</id>
    <height>1.3021516799926758e-01</height>
    <contour2d>
      7.58666754e-01 2.92510800e-02 7.66907871e-01 3.56381685e-02
      7.68704653e-01 3.86274345e-02 7.68164039e-01 8.47256109e-02
      7.67536044e-01 8.61704573e-02 7.60271728e-01 8.97886083e-02
      7.57779598e-01 8.97927210e-02 7.54750073e-01 8.95559713e-02
      7.46819556e-01 8.27602297e-02 7.42597997e-01 7.02704117e-02
      7.40654826e-01 5.86895831e-02 7.40654826e-01 5.72819635e-02
      7.54292488e-01 3.10282242e-02 7.55594850e-01 2.95289326e-02
      7.56730497e-01 2.92542726e-02</contour2d>
    <histogram type_id="opencv-matrix">
      <rows>20</rows>
      <cols>1</cols>
      <dt>f</dt>
      <data>
        5.17456383e-02 2.74314228e-02 2.49376567e-03 7.48129701e-03
        3.74064851e-03 7.48129701e-03 1.18453866e-02 1.74563602e-02
        2.93017458e-02 6.67082295e-02 1.16583548e-01 1.58354118e-01
        8.47880319e-02 5.04987538e-02 4.17705737e-02 4.92518730e-02
        1.04738161e-01 1.17206983e-01 0. 5.11221960e-02</data></histogram></_>
  <_><id>4</id>
    <height>1.6254162788391113e-01</height>
    <contour2d>
      7.61820793e-01 2.06735209e-02 7.73089051e-01 2.16021370e-02
      7.74329424e-01 4.45578881e-02 7.74329424e-01 4.73731235e-02
      7.65786231e-01 8.51252973e-02 7.63529956e-01 8.56762454e-02
      7.62872934e-01 8.56773332e-02 7.58437932e-01 8.32062885e-02
      7.54292607e-01 7.89367780e-02 7.44647980e-01 6.64442778e-02
      7.41325378e-01 6.13343529e-02 7.40683556e-01 5.57444096e-02
      7.40595400e-01 4.85703908e-02 7.41435766e-01 4.56613079e-02
      7.57138669e-01 2.19817851e-02</contour2d>
    <histogram type_id="opencv-matrix">
      <rows>20</rows>
      <cols>1</cols>
      <dt>f</dt>
      <data>
        9.75723639e-02 3.08123250e-02 1.96078438e-02 5.60224103e-03
        5.13538765e-03 6.53594779e-03 8.87021516e-03 1.44724557e-02
        1.16713354e-02 4.43510748e-02 1.11577965e-01 6.25583604e-02
        3.36134471e-02 2.94117648e-02 2.70774979e-02 5.13538755e-02
        1.40056029e-01 2.54901975e-01 2.33426713e-03 4.24836613e-02</data></histogram></_>
  <_><id>5</id>
    <height>1.6167485713958740e-01</height>
    <contour2d>
      7.53503621e-01 7.22900555e-02 7.52858222e-01 7.22911209e-02
      7.47187912e-01 7.11892322e-02 7.44910061e-01 6.65342510e-02
      7.41435826e-01 5.75470179e-02 7.38914609e-01 4.99256961e-02
      7.37249076e-01 4.32713144e-02 7.31899083e-01 1.64042637e-02
      7.31899083e-01 1.50023606e-02 7.43822336e-01 1.29536521e-02
      7.44467735e-01 1.29525876e-02 7.49630988e-01 1.44278845e-02
      7.65989363e-01 2.60131359e-02 7.68455505e-01 2.88793892e-02
      7.68455565e-01 3.58698666e-02 7.67847419e-01 4.00651507e-02</contour2d>
    <histogram type_id="opencv-matrix">
      <rows>20</rows>
      <cols>1</cols>
      <dt>f</dt>
      <data>
        9.62321833e-02 2.29124241e-02 1.01832999e-02 1.01832999e-03
        1.01832999e-03 2.54582497e-03 2.03665998e-03 9.16497037e-03
        1.32382903e-02 2.34215893e-02 6.10997975e-02 7.63747469e-02
        2.34215893e-02 2.34215893e-02 1.98574346e-02 3.36048901e-02
        1.56822816e-01 3.54887992e-01 5.09164995e-04 6.82281107e-02</data></histogram></_>
  <_><id>6</id>
    <height>1.6392064094543457e-01</height>
    <contour2d>
      7.52435327e-01 5.77044897e-02 7.51803160e-01 5.77055328e-02
      7.46905327e-01 5.61099574e-02 7.41649866e-01 5.34970053e-02
      7.38270879e-01 4.10467573e-02 7.37233818e-01 3.50352935e-02
      7.36435711e-01 2.87421495e-02 7.39160061e-01 1.26730558e-02
      7.39622891e-01 1.12995235e-02 7.43822277e-01 1.08317845e-03
      7.47066736e-01 -4.13851754e-04 7.49433458e-01 -4.13379777e-04
      7.52170324e-01 1.04440108e-03 7.56510079e-01 6.62315125e-03
      7.65665889e-01 2.31918413e-02 7.67239332e-01 3.72699648e-02</contour2d>
    <histogram type_id="opencv-matrix">
      <rows>20</rows>
      <cols>1</cols>
      <dt>f</dt>
      <data>
        6.16187975e-02 1.04438644e-02 5.74412523e-03 1.56657957e-03
        1.56657957e-03 8.35509133e-03 8.35509133e-03 1.20104440e-02
        1.93211492e-02 6.00522198e-02 1.83812007e-01 1.18537858e-01
        5.69190606e-02 3.70757170e-02 2.55874675e-02 4.59530018e-02
        1.09138377e-01 1.80156663e-01 5.22193208e-04 5.32637089e-02</data></histogram></_>
  <_><id>7</id>
    <height>1.6085767745971680e-01</height>
    <contour2d>
      7.53077149e-01 5.87823428e-02 7.51789629e-01 5.87844625e-02
      7.49423683e-01 5.69325648e-02 7.46225655e-01 5.39968908e-02
      7.30207860e-01 3.44378352e-02 7.27781355e-01 2.57718097e-02
      7.26903737e-01 1.97671354e-02 7.26903677e-01 1.25671383e-02
      7.27359891e-01 6.85838005e-03 7.40687191e-01 -7.73666659e-03
      7.46320486e-01 -7.62486551e-03 7.53241360e-01 9.48132947e-04
