<?xml version="1.0"?>
<opencv_storage>
<obj>
  <_><id>0</id>
    <height>1.1017370223999023e-01</height>
    <contour2d>
      7.06430912e-01 5.18173724e-02 7.01761782e-01 5.43452241e-02
      6.76946938e-01 5.62288165e-02 6.75875902e-01 5.58093563e-02
      6.74088836e-01 5.44427782e-02 6.72518551e-01 5.11315688e-02
      6.64390147e-01 9.63969971e-04 6.64390147e-01 -3.48410627e-04
      6.79157734e-01 -1.72015699e-03 7.01439261e-01 3.58695583e-03
      7.04362869e-01 8.92864633e-03 7.08178103e-01 2.36945003e-02
      7.10547149e-01 3.86445671e-02 7.10547149e-01 4.13378999e-02
      7.08780289e-01 4.65923958e-02</contour2d>
    <histogram type_id="opencv-matrix">
      <rows>20</rows>
      <cols>1</cols>
      <dt>f</dt>
      <data>
        6.86641689e-03 2.49687885e-03 3.12109850e-03 1.24843942e-03 0.
        6.24219712e-04 5.61797759e-03 9.36329551e-03 6.42946288e-02
        1.76654175e-01 1.74781516e-01 2.04119846e-01 4.68164794e-02
        2.24719103e-02 2.24719103e-02 3.74531820e-02 5.36828935e-02
        2.55930088e-02 0. 1.42322093e-01</data></histogram></_>
  <_><id>1</id>
    <height>1.0935866832733154e-01</height>
    <contour2d>
      7.10547209e-01 4.53778952e-02 7.09375679e-01 4.53798249e-02
      6.94782913e-01 4.20922823e-02 6.78854883e-01 3.33968513e-02
      6.72387302e-01 2.71166489e-02 6.71818078e-01 2.45004445e-02
      6.71264589e-01 1.74190290e-02 6.73889279e-01 9.09254700e-03
      6.81957185e-01 -1.26443021e-02 6.87572777e-01 -1.25559522e-02
      6.89873278e-01 -1.23482579e-02 7.16437221e-01 1.17736012e-02
      7.19689131e-01 1.59022901e-02 7.19689131e-01 2.40622889e-02
      7.17620134e-01 3.08210142e-02</contour2d>
    <histogram type_id="opencv-matrix">
      <rows>20</rows>
      <cols>1</cols>
      <dt>f</dt>
      <data>
        3.54609918e-03 3.54609918e-03 1.18203310e-03 1.18203310e-03
        1.18203310e-03 1.18203310e-03 8.27423204e-03 9.45626479e-03
        2.83687934e-02 9.45626497e-02 3.39243501e-01 4.08983439e-01
        4.84633557e-02 1.41843967e-02 2.36406620e-03 4.72813239e-03
        2.36406620e-03 7.09219836e-03 0. 2.00945623e-02</data></histogram></_>
  <_><id>2</id>
    <height>1.0754883289337158e-01</height>
    <contour2d>
      7.22351849e-01 -5.88232465e-03 7.22351849e-01 1.05062416e-02
      7.18210816e-01 2.81038508e-02 7.04683542e-01 3.03954966e-02
      6.80379868e-01 2.99887210e-02 6.73644662e-01 2.79320702e-02
      6.75914109e-01 -4.42553870e-03 6.76973462e-01 -1.12560093e-02
      6.77688718e-01 -1.39484629e-02 6.79914892e-01 -1.52518982e-02
      6.83079839e-01 -1.51366498e-02 7.20871031e-01 -7.23694870e-03</contour2d>
    <histogram type_id="opencv-matrix">
      <rows>20</rows>
      <cols>1</cols>
      <dt>f</dt>
      <data>
        0. 1.00100099e-03 5.00500482e-03 0. 1.00100099e-03 0.
        1.00100099e-03 0. 1.90190189e-02 9.40940902e-02 3.67367357e-01
        4.56456453e-01 3.70370373e-02 7.00700702e-03 0. 0. 0. 0. 0.
        1.10110110e-02</data></histogram></_>
  <_><id>3</id>
    <height>1.1007940769195557e-01</height>
    <contour2d>
      7.26207733e-01 -3.16605810e-03 7.26207733e-01 2.31965492e-03
      7.04900384e-01 3.76866683e-02 7.02862799e-01 3.81236896e-02
      7.01666415e-01 3.81256603e-02 6.96416140e-01 3.69159877e-02
      6.93649232e-01 3.55899930e-02 6.92000508e-01 3.45008224e-02
      6.75486684e-01 1.44187175e-02 6.72722459e-01 8.99501424e-03
      6.73102736e-01 3.63366934e-03 6.98360980e-01 -3.12051978e-02
      7.00800121e-01 -3.26111242e-02 7.01409876e-01 -3.26121300e-02
      7.05219924e-01 -3.09292916e-02</contour2d>
    <histogram type_id="opencv-matrix">
      <rows>20</rows>
      <cols>1</cols>
      <dt>f</dt>
      <data>
        1.10375276e-02 2.20750552e-03 2.20750552e-03 2.64900643e-03
        8.83002183e-04 2.20750552e-03 1.76600437e-03 1.45695359e-02
        3.75275910e-02 7.41721839e-02 2.70640165e-01 3.28035325e-01
        5.03311232e-02 1.32450331e-02 7.06401747e-03 1.23620303e-02
        2.20750552e-02 2.11920515e-02 0. 1.25827804e-01</data></histogram></_>
  <_><id>4</id>
    <height>1.0824954509735107e-01</height>
    <contour2d>
      7.21464336e-01 2.54934933e-02 7.02923238e-01 3.03090326e-02
      6.87824309e-01 2.98870802e-02 6.86679304e-01 2.85727773e-02
      6.84787512e-01 2.27598269e-02 6.82933688e-01 -2.16434821e-02
      6.82933688e-01 -2.43025273e-02 6.84333265e-01 -2.49396451e-02
      6.86082006e-01 -2.53194012e-02 6.92477524e-01 -2.48528384e-02
      7.09364176e-01 -2.18942650e-02 7.17026174e-01 -1.53130768e-02
      7.21464336e-01 2.27658730e-02</contour2d>
    <histogram type_id="opencv-matrix">
      <rows>20</rows>
      <cols>1</cols>
      <dt>f</dt>
      <data>
        1.51699027e-02 2.42718449e-03 1.21359224e-03 1.21359224e-03
        6.06796122e-04 3.03398073e-03 3.03398073e-03 3.03398054e-02
        1.00728154e-01 9.70873833e-02 1.25000000e-01 2.42111653e-01
        4.06553410e-02 2.06310675e-02 1.94174759e-02 2.30582524e-02
        5.46116494e-02 5.94660193e-02 0. 1.60194173e-01</data></histogram></_>
  <_><id>5</id>
    <height>1.1011433601379395e-01</height>
    <contour2d>
      7.31254697e-01 -7.33190775e-03 7.31254697e-01 -4.57000406e-03
      7.20242560e-01 2.97580529e-02 7.15108633e-01 3.08360048e-02
      7.13874161e-01 3.08380406e-02 6.79449916e-01 7.87014607e-03
      6.75087869e-01 3.72923235e-03 6.74600661e-01 -3.41625186e-04
      6.74497128e-01 -4.41836333e-03 6.87100470e-01 -2.95108519e-02
      6.88144088e-01 -3.09832003e-02 6.92659736e-01 -3.40926684e-02
      7.00303018e-01 -3.37313153e-02</contour2d>
    <histogram type_id="opencv-matrix">
      <rows>20</rows>
      <cols>1</cols>
      <dt>f</dt>
      <data>
        2.45122574e-02 1.05052534e-02 3.50175099e-03 3.00150085e-03
        3.50175099e-03 2.50125071e-03 1.50075043e-03 1.40070040e-02
        4.45222631e-02 7.90395215e-02 2.32616320e-01 3.16158086e-01
        3.40170115e-02 2.00100057e-02 1.25062540e-02 2.25112569e-02
        3.25162597e-02 6.60330206e-02 0. 7.70385191e-02</data></histogram></_>
  <_><id>6</id>
    <height>1.0871231555938721e-01</height>
    <contour2d>
      7.24127173e-01 1.87526830e-02 6.89507186e-01 2.06082724e-02
      6.84605777e-01 2.05223002e-02 6.81259394e-01 1.98395178e-02
      6.79575384e-01 1.84405465e-02 6.78530335e-01 1.69968680e-02
      6.77097261e-01 1.18925059e-02 6.75801694e-01 -2.27407049e-02
      6.76648676e-01 -2.38912366e-02 6.80289924e-01 -2.50979569e-02
      6.83119297e-01 -2.51026209e-02 6.90648735e-01 -2.40145475e-02
      7.19392121e-01 -1.80733223e-02 7.24722743e-01 -8.63876846e-03
      7.25318491e-01 -1.79213379e-03 7.25318491e-01 9.46913031e-04
      7.24722862e-01 1.60126518e-02</contour2d>
    <histogram type_id="opencv-matrix">
      <rows>20</rows>
      <cols>1</cols>
      <dt>f</dt>
      <data>
        1.30718958e-03 4.57516359e-03 2.61437916e-03 0. 0. 0. 0.
        7.18954252e-03 4.83660139e-02 1.04575165e-01 2.51634002e-01
        4.24183011e-01 4.18300666e-02 4.57516359e-03 6.53594790e-04
        1.30718958e-03 6.53594790e-04 1.30718958e-03 0. 1.05228759e-01</data></histogram></_>
  <_><id>7</id>
    <height>1.0983407497406006e-01</height>
    <contour2d>
      7.22351849e-01 -7.24803843e-03 6.95480704e-01 2.34073102e-02
      6.93213403e-01 2.47388259e-02 6.90648913e-01 2.45435312e-02
      6.87651336e-01 2.14578062e-02 6.74094737e-01 3.55955493e-03
      6.70670211e-01 -1.66496378e-03 6.69544280e-01 -4.38116118e-03
      6.70211196e-01 -9.65679809e-03 6.76626563e-01 -1.86129510e-02
      6.97361231e-01 -4.10712436e-02 6.98924899e-01 -4.16898765e-02
      6.99523926e-01 -4.16908637e-02 7.04011917e-01 -4.06473018e-02</contour2d>
    <histogram type_id="opencv-matrix">
      <rows>20</rows>
      <cols>1</cols>
      <dt>f</dt>
      <data>
        5.91715937e-03 5.37923584e-03 1.07584719e-03 5.37923595e-04
        5.37923595e-04 1.61377084e-03 3.76546523e-03 1.72135551e-02
        6.40129074e-02 1.00053787e-01 1.69983849e-01 4.02904779e-01
