<?xml version="1.0"?>
<opencv_storage>
<obj>
  <_><id>1</id>
    <height>1.8594264984130859e-02</height>
    <contour2d>
      5.15771925e-01 7.23427534e-02 4.84529853e-01 -1.20044403e-01
      4.84529853e-01 -1.21430233e-01 5.18293917e-01 -1.21256962e-01
      5.22505641e-01 -1.20406806e-01 5.27667284e-01 -1.18096985e-01
      5.42367697e-01 -1.11000039e-01 5.46076357e-01 -1.08450465e-01
      5.49190342e-01 -1.05755635e-01 5.67023337e-01 -8.81007984e-02
      5.75876415e-01 -7.52740055e-02 5.81937134e-01 -6.35094047e-02
      5.86143017e-01 -4.99023870e-02 5.88660955e-01 -3.78473848e-02
      5.88660955e-01 -3.47769447e-02 5.86415291e-01 -2.53089401e-03
      5.85428476e-01 3.59702064e-03 5.73923290e-01 2.47910749e-02
      5.55016339e-01 4.82146218e-02 5.36445081e-01 6.20201901e-02</contour2d>
    <histogram type_id="opencv-matrix">
      <rows>20</rows>
      <cols>1</cols>
      <dt>f</dt>
      <data>
        0. 0. 1.40845068e-02 3.66197169e-01 5.91549277e-01
        2.11267602e-02 7.04225339e-03 0. 0. 0. 0. 0. 0. 0. 0. 0. 0. 0.
        0. 0.</data></histogram></_>
  <_><id>2</id>
    <height>1.8596708774566650e-02</height>
    <contour2d>
      5.09508014e-01 7.46718943e-02 4.84529853e-01 -1.20044403e-01
      4.84529853e-01 -1.21430233e-01 4.86558497e-01 -1.21735349e-01
      5.18293917e-01 -1.21256962e-01 5.29790998e-01 -1.18381336e-01
      5.42367697e-01 -1.11000039e-01 5.46076357e-01 -1.08450465e-01
      5.55712700e-01 -9.90717039e-02 5.67991138e-01 -8.50972757e-02
      5.75876415e-01 -7.52740055e-02 5.86415112e-01 -5.30782901e-02
      5.88660955e-01 -3.47769447e-02 5.88661015e-01 -2.40304433e-02
      5.86415291e-01 -2.53089401e-03 5.83189607e-01 5.11796866e-03
      5.73923290e-01 2.32749600e-02 5.55016339e-01 4.82146218e-02
      5.35248816e-01 6.18729740e-02 5.13679504e-01 7.36013502e-02</contour2d>
    <histogram type_id="opencv-matrix">
      <rows>20</rows>
      <cols>1</cols>
      <dt>f</dt>
      <data>
        0. 0. 0. 1.69354826e-01 7.25806415e-01 1.04838707e-01 0. 0. 0.
        0. 0. 0. 0. 0. 0. 0. 0. 0. 0. 0.</data></histogram></_>
  <_><id>3</id>
    <height>1.0509133338928223e-02</height>
    <contour2d>
      5.84174097e-01 5.11703780e-03 5.83189607e-01 5.11796866e-03
      4.84529853e-01 -1.20044403e-01 4.84529853e-01 -1.21430233e-01
      5.16194761e-01 -1.20962210e-01 5.20397604e-01 -1.20115511e-01
      5.46076357e-01 -1.08450465e-01 5.55712700e-01 -9.90717039e-02
      5.67023337e-01 -8.65985528e-02 5.75876415e-01 -7.52740055e-02
      5.86415172e-01 -5.00147976e-02 5.88660955e-01 -3.47769447e-02
      5.86415291e-01 -2.53089401e-03 5.85428476e-01 2.06527533e-03</contour2d>
    <histogram type_id="opencv-matrix">
      <rows>20</rows>
      <cols>1</cols>
      <dt>f</dt>
      <data>
        0. 0. 0. 3.44827585e-02 8.50574732e-01 1.14942528e-01 0. 0. 0.
        0. 0. 0. 0. 0. 0. 0. 0. 0. 0. 0.</data></histogram></_></obj>
</opencv_storage>
