<?xml version="1.0"?>
<opencv_storage>
<obj>
  <_><id>1</id>
    <height>1.1391997337341309e-02</height>
    <contour2d>
      6.65355563e-01 -5.96087091e-02 6.65335894e-01 -5.64306565e-02
      6.02007151e-01 -9.86744300e-04 5.81531763e-01 7.91541394e-03
      5.72346389e-01 4.86093620e-03 5.59322417e-01 -4.04056348e-03
      5.59749842e-01 -7.30109736e-02 5.77555656e-01 -9.17334110e-02
      5.81017435e-01 -9.19342637e-02 6.17355108e-01 -8.51858631e-02</contour2d>
    <histogram type_id="opencv-matrix">
      <rows>20</rows>
      <cols>1</cols>
      <dt>f</dt>
      <data>
        0. 0. 0. 0. 0. 0. 0. 0. 0. 0. 1.13636367e-01 3.29545468e-01
        5.68181835e-02 0. 0. 0. 0. 0. 0. 5.00000000e-01</data></histogram></_>
  <_><id>2</id>
    <height>1.4488518238067627e-02</height>
    <contour2d>
      6.03245616e-01 -1.31462617e-02 5.97291946e-01 -1.00546062e-03
      5.80381155e-01 4.92124353e-03 5.71185470e-01 4.85380786e-03
      5.45790434e-01 3.05921189e-04 5.12943864e-01 -1.11446427e-02
      5.01685739e-01 -1.53025920e-02 4.89153624e-01 -3.17853354e-02
      4.87009764e-01 -3.59561481e-02 4.86543417e-01 -4.00629155e-02
      4.86552000e-01 -4.14470434e-02 4.87052709e-01 -4.28853109e-02
      4.90945846e-01 -5.11091202e-02 5.14967561e-01 -6.34208694e-02
      5.31812310e-01 -6.58135861e-02 5.33997297e-01 -6.59667179e-02
      5.88199258e-01 -4.15912084e-02 6.03292704e-01 -2.07440313e-02</contour2d>
    <histogram type_id="opencv-matrix">
      <rows>20</rows>
      <cols>1</cols>
      <dt>f</dt>
      <data>
        0. 0. 0. 0. 0. 0. 0. 0. 0. 0. 2.96153843e-01 6.80769205e-01
        2.30769236e-02 0. 0. 0. 0. 0. 0. 0.</data></histogram></_>
  <_><id>3</id>
    <height>1.3591825962066650e-02</height>
    <contour2d>
      6.04308963e-01 -2.22574379e-02 6.04271293e-01 -1.61791984e-02
      5.81395626e-01 3.43390508e-03 5.15880466e-01 2.14731488e-02
      5.05660534e-01 2.26584449e-02 4.90796864e-01 2.37124860e-02
      4.88722026e-01 2.36474629e-02 4.82938468e-01 2.07721572e-02
      4.79832858e-01 1.65761542e-02 4.77828950e-01 9.66028497e-03
      4.82334465e-01 -9.51320212e-03 4.93253440e-01 -2.21212842e-02
      4.99563754e-01 -2.78686900e-02 5.05991817e-01 -3.07951476e-02
      5.22739291e-01 -3.25755998e-02 5.85101247e-01 -3.39690335e-02
      5.98457575e-01 -2.67136227e-02</contour2d>
    <histogram type_id="opencv-matrix">
      <rows>20</rows>
      <cols>1</cols>
      <dt>f</dt>
      <data>
        0. 0. 0. 0. 0. 0. 0. 0. 0. 1.02986617e-03 2.07003102e-01
        7.72399604e-01 1.85375903e-02 0. 0. 0. 0. 0. 0. 1.02986617e-03</data></histogram></_>
  <_><id>4</id>
    <height>1.1266291141510010e-02</height>
    <contour2d>
      5.97471058e-01 -2.97279321e-02 6.03302777e-01 -2.22463440e-02
      6.03189230e-01 -4.01168549e-03 5.97254395e-01 5.06205810e-03
      5.57753444e-01 6.34712279e-02 5.54337323e-01 6.76996633e-02
      5.52093565e-01 6.89933673e-02 5.40908754e-01 7.40850791e-02
      5.36447465e-01 7.38871694e-02 5.29840350e-01 7.06331581e-02
      5.28796077e-01 6.90304935e-02 5.24466515e-01 5.59800863e-02
      5.20255566e-01 3.86284068e-02 5.20299852e-01 3.15168947e-02
      5.21411121e-01 2.01867670e-02 5.24715781e-01 1.59610957e-02
      5.45844793e-01 -8.39990005e-03 5.74805319e-01 -2.33495776e-02
      5.84060133e-01 -2.79705767e-02</contour2d>
    <histogram type_id="opencv-matrix">
      <rows>20</rows>
      <cols>1</cols>
      <dt>f</dt>
      <data>
        0. 0. 0. 0. 0. 0. 0. 0. 0. 0. 1.95758566e-01 7.86296904e-01
        9.78792831e-03 0. 0. 0. 0. 0. 0. 8.15660693e-03</data></histogram></_>
  <_><id>5</id>
    <height>2.9864549636840820e-02</height>
    <contour2d>
      7.10518718e-01 5.25942445e-03 7.08620369e-01 1.01426914e-02
      6.98271692e-01 2.63885800e-02 6.85417652e-01 4.06763963e-02
      6.74604118e-01 5.15707098e-02 6.05595410e-01 6.25264570e-02
      5.95594704e-01 6.19872585e-02 5.92090011e-01 6.03155829e-02
      5.51194310e-01 3.17152478e-02 5.44651687e-01 1.07266661e-03
      5.44609666e-01 -1.84864271e-03 5.49169064e-01 -9.13033076e-03
      5.79506397e-01 -3.91653143e-02 5.94137669e-01 -5.16071543e-02
      6.00036561e-01 -5.63775226e-02 6.07734978e-01 -5.97220846e-02
      6.13685548e-01 -6.15031384e-02 6.28537834e-01 -5.45043498e-02
      6.67525172e-01 -3.10631320e-02 6.90788209e-01 -1.57093443e-02
      6.95219040e-01 -1.25299292e-02 7.09241152e-01 3.77975899e-04
      7.10531294e-01 3.63224093e-03</contour2d>
    <histogram type_id="opencv-matrix">
      <rows>20</rows>
      <cols>1</cols>
      <dt>f</dt>
      <data>
        0. 0. 0. 0. 0. 0. 0. 0. 0. 0. 1.28812194e-01 8.22632432e-01
        1.28410915e-02 0. 0. 0. 0. 0. 0. 3.57142873e-02</data></histogram></_>
  <_><id>6</id>
    <height>2.8163015842437744e-02</height>
    <contour2d>
      6.46135092e-01 -5.20593636e-02 6.48577929e-01 -5.06131612e-02
      6.66307569e-01 -1.19650131e-02 6.68751359e-01 -3.98723781e-03
      6.69958472e-01 2.39041261e-03 6.30839229e-01 6.27397671e-02
      6.12685442e-01 8.78753439e-02 5.76170087e-01 1.25588864e-01
      5.72728813e-01 1.23796113e-01 5.42405605e-01 6.09249808e-03
      5.42495489e-01 -8.40839092e-03 5.44911981e-01 -1.55543322e-02
      5.55132806e-01 -2.12055184e-02 6.33924007e-01 -5.43169342e-02
      6.41849995e-01 -5.33174910e-02</contour2d>
    <histogram type_id="opencv-matrix">
      <rows>20</rows>
      <cols>1</cols>
      <dt>f</dt>
      <data>
        0. 0. 0. 0. 0. 0. 0. 0. 0. 0. 1.45080090e-01 8.29748273e-01
        1.14416480e-02 0. 0. 0. 0. 0. 0. 1.37299774e-02</data></histogram></_>
  <_><id>7</id>
    <height>2.8348743915557861e-02</height>
    <contour2d>
      6.26539707e-01 7.48943165e-02 5.87556839e-01 6.20597489e-02
      5.57864487e-01 4.58458550e-02 5.42216897e-01 3.65443416e-02
      5.36709130e-01 3.20207998e-02 5.33417344e-01 2.76117753e-02
      5.27854323e-01 1.15409223e-02 5.27863026e-01 1.01342434e-02
      5.47470331e-01 -4.24045622e-02 5.70651889e-01 -7.76328295e-02
      5.72966576e-01 -7.90913180e-02 5.76406479e-01 -7.92645216e-02
      5.87871611e-01 -7.58689940e-02 6.24959469e-01 -5.80529720e-02
      6.55393600e-01 4.65635844e-02 6.55325055e-01 5.76259233e-02</contour2d>
    <histogram type_id="opencv-matrix">
      <rows>20</rows>
      <cols>1</cols>
      <dt>f</dt>
      <data>
        0. 0. 0. 0. 0. 0. 0. 0. 0. 6.13496930e-04 1.92024544e-01
        7.71779120e-01 2.63803676e-02 0. 0. 0. 0. 0. 0. 9.20245424e-03</data></histogram></_>
  <_><id>8</id>
    <height>2.6334702968597412e-02</height>
    <contour2d>
      6.55334830e-01 5.60455807e-02 6.26597285e-01 6.56102672e-02
      5.82256615e-01 7.38000274e-02 5.70753455e-01 7.45587870e-02
      5.56533933e-01 7.51878992e-02 5.42378604e-01 5.87981269e-02
      5.25669456e-01 8.71404167e-03 5.21833658e-01 -1.53362742e-02
      5.20679832e-01 -2.96568647e-02 5.20697474e-01 -3.25014889e-02
      5.21503687e-01 -3.78340743e-02 5.51649332e-01 -4.34885547e-02
      5.77232063e-01 -4.57647406e-02 6.67524576e-01 -7.17988983e-03
      6.71861529e-01 -7.98376859e-04 6.71831727e-01 3.99471913e-03</contour2d>
    <histogram type_id="opencv-matrix">
      <rows>20</rows>
      <cols>1</cols>
      <dt>f</dt>
      <data>
        0. 0. 0. 0. 0. 0. 0. 0. 0. 0. 1.71392560e-01 8.12224269e-01
        1.32325133e-02 0. 0. 0. 0. 0. 0. 3.15059861e-03</data></histogram></_>
  <_><id>9</id>
    <height>2.9361307621002197e-02</height>
    <contour2d>
      6.97537899e-01 2.52686068e-03 6.97507620e-01 7.40852486e-03
      6.82129264e-01 2.82073990e-02 6.03630066e-01 8.71504694e-02
      6.01271033e-01 8.84609073e-02 5.93058944e-01 9.08378214e-02
      5.91881752e-01 9.08305943e-02 5.76407552e-01 8.29291195e-02
      5.47767758e-01 6.59603700e-02 5.11115074e-01 2.97255721e-02
      5.08932948e-01 2.68987343e-02 5.07926345e-01 2.40268055e-02
      5.07961154e-01 1.84140112e-02 5.11155367e-01 1.14594074e-02
      5.17103195e-01 3.03518120e-03 5.36894441e-01 -1.84899662e-02
