<?xml version="1.0"?>
<opencv_storage>
<obj>
  <_><id>0</id>
    <height>1.3632547855377197e-01</height>
    <contour2d>
      6.78036511e-01 8.85865390e-02 6.77459002e-01 8.85874927e-02
      6.76913321e-01 8.83314088e-02 6.75726593e-01 8.59351084e-02
      6.67559564e-01 2.56991256e-02 6.67559564e-01 2.30934136e-02
      6.68817759e-01 2.24535950e-02 6.77760124e-01 1.91680267e-02
      6.78326786e-01 1.91670936e-02 6.89320564e-01 2.27762572e-02
      6.92790926e-01 2.80065686e-02 6.94248497e-01 3.45136113e-02
      6.96936309e-01 6.58432245e-02 6.96936309e-01 6.97403699e-02
      6.90440893e-01 8.32924917e-02 6.87868893e-01 8.57434720e-02
      6.80739641e-01 8.79297480e-02</contour2d>
    <histogram type_id="opencv-matrix">
      <rows>20</rows>
      <cols>1</cols>
      <dt>f</dt>
      <data>
        9.83529463e-02 1.17647061e-02 4.23529418e-03 9.41176491e-04
        9.41176491e-04 0. 0. 4.70588246e-04 4.70588246e-04
        1.88235298e-03 4.23529418e-03 7.05882348e-03 1.41176470e-02
        3.10588237e-02 4.09411788e-02 6.35294095e-02 1.07764706e-01
        1.56235293e-01 0. 4.56000000e-01</data></histogram></_>
  <_><id>1</id>
    <height>1.3619077205657959e-01</height>
    <contour2d>
      6.95215821e-01 9.14674103e-02 6.86899304e-01 9.08123478e-02
      6.64726138e-01 4.39437926e-02 6.62336707e-01 3.49922255e-02
      6.62336707e-01 3.12036537e-02 6.76070809e-01 1.97891816e-02
      6.77760124e-01 1.91680267e-02 6.78326786e-01 1.91670936e-02
      6.81951225e-01 2.14342736e-02 7.01656580e-01 6.23075143e-02
      7.02554166e-01 7.02497661e-02 7.02554166e-01 7.15583339e-02
      7.01088309e-01 8.19084495e-02</contour2d>
    <histogram type_id="opencv-matrix">
      <rows>20</rows>
      <cols>1</cols>
      <dt>f</dt>
      <data>
        2.18879670e-01 4.35684659e-02 1.90179814e-02 3.45781469e-03
        1.72890734e-03 0. 3.45781475e-04 3.45781475e-04 1.03734445e-03
        3.11203324e-03 2.42047035e-03 4.84094070e-03 5.53250359e-03
        1.14107886e-02 1.79806370e-02 4.21853401e-02 8.85200575e-02
        3.09128642e-01 0. 2.26486862e-01</data></histogram></_>
  <_><id>2</id>
    <height>1.3542151451110840e-01</height>
    <contour2d>
      7.19827056e-01 6.51857629e-02 6.69532657e-01 6.21598028e-02
      6.66731179e-01 6.02421165e-02 6.64599419e-01 5.79047576e-02
      6.63206875e-01 2.99276616e-02 6.68722808e-01 2.94579696e-02
      6.71432555e-01 2.94107236e-02 7.09661782e-01 4.05004472e-02
      7.14740217e-01 4.34507355e-02 7.19826996e-01 4.77781445e-02
      7.20728755e-01 5.05280122e-02 7.20409513e-01 6.11676574e-02</contour2d>
    <histogram type_id="opencv-matrix">
      <rows>20</rows>
      <cols>1</cols>
      <dt>f</dt>
      <data>
        2.20636666e-01 9.87925380e-03 0. 0. 0. 0. 0. 0. 0. 0.
        1.09769485e-03 4.39077942e-03 5.48847439e-03 7.68386386e-03
        9.87925380e-03 3.73216234e-02 7.68386424e-02 2.65642166e-01 0.
        3.61141592e-01</data></histogram></_>
  <_><id>3</id>
    <height>1.3727355003356934e-01</height>
    <contour2d>
      7.05861032e-01 1.44122969e-02 7.14416802e-01 3.01113483e-02
      7.14416862e-01 3.40942033e-02 6.98512435e-01 8.45320299e-02
      6.97916746e-01 8.45330134e-02 6.90637469e-01 8.24956596e-02
      6.79799557e-01 7.81595558e-02 6.74656987e-01 7.46592507e-02
      6.73735917e-01 6.56854361e-02 6.76380455e-01 5.69354258e-02
      6.98767662e-01 1.60791725e-02 7.02939212e-01 1.43734617e-02</contour2d>
    <histogram type_id="opencv-matrix">
      <rows>20</rows>
      <cols>1</cols>
      <dt>f</dt>
      <data>
        1.37931034e-02 1.25391851e-03 0. 0. 0. 0. 0. 0. 0.
        3.13479628e-04 1.88087777e-03 3.13479640e-03 3.13479640e-03
        7.52351107e-03 1.56739820e-02 3.32288407e-02 5.98746091e-02
        4.89028208e-02 0. 8.11285257e-01</data></histogram></_>
  <_><id>4</id>
    <height>1.3660228252410889e-01</height>
    <contour2d>
      6.87330663e-01 8.01485777e-02 6.86765611e-01 8.01495090e-02
      6.85383081e-01 7.89698064e-02 6.84774101e-01 7.63937011e-02
      6.77371800e-01 1.38481045e-02 6.77371800e-01 1.25547713e-02
      6.77934349e-01 1.12605104e-02 6.86002612e-01 1.05983904e-02
      6.95707738e-01 1.90206543e-02 7.02224851e-01 2.96399202e-02
      7.02554047e-01 3.88440602e-02 7.03123331e-01 7.15573952e-02
      6.99294806e-01 7.51553699e-02</contour2d>
    <histogram type_id="opencv-matrix">
      <rows>20</rows>
      <cols>1</cols>
      <dt>f</dt>
      <data>
        2.14976706e-02 2.50806171e-03 0. 0. 0. 0. 0. 0. 0. 0.
        3.58294521e-04 2.86635617e-03 2.14976724e-03 6.44930126e-03
        1.32568972e-02 2.36474387e-02 3.00967395e-02 2.93801501e-02 0.
        8.67789328e-01</data></histogram></_>
  <_><id>5</id>
    <height>1.3565599918365479e-01</height>
    <contour2d>
      7.16433823e-01 7.17065483e-02 7.13062346e-01 7.29142874e-02
      7.09002674e-01 7.29209781e-02 7.04909265e-01 7.13869333e-02
      6.81479692e-01 5.75548895e-02 6.62351131e-01 4.60011549e-02
      6.62351131e-01 4.47478220e-02 6.63289487e-01 3.76904123e-02
      6.67408466e-01 1.32485563e-02 6.72608972e-01 1.31802158e-02
      6.77684963e-01 1.69726238e-02 7.05490828e-01 4.15800139e-02
      7.17442870e-01 5.43193743e-02</contour2d>
    <histogram type_id="opencv-matrix">
      <rows>20</rows>
      <cols>1</cols>
      <dt>f</dt>
      <data>
        1.70776248e-01 2.28310507e-02 7.30593596e-03 1.82648399e-03
        2.73972610e-03 0. 0. 0. 0. 1.55251138e-02 1.00456618e-01
        3.56164388e-02 1.09589044e-02 9.13241971e-03 1.64383557e-02
        3.74429226e-02 1.18721463e-01 2.31050223e-01 0. 2.19178081e-01</data></histogram></_>
  <_><id>6</id>
    <height>1.3662517070770264e-01</height>
    <contour2d>
      7.23433733e-01 4.53566499e-02 6.76975608e-01 4.42133360e-02
      6.72066927e-01 4.38397378e-02 6.69633090e-01 4.21955697e-02
      6.62019312e-01 1.46446452e-02 6.62019312e-01 1.33932158e-02
      6.66955531e-01 1.18551729e-02 6.70669436e-01 1.14526628e-02
      7.21895158e-01 1.96841937e-02 7.22478449e-01 2.10241843e-02</contour2d>
    <histogram type_id="opencv-matrix">
      <rows>20</rows>
      <cols>1</cols>
      <dt>f</dt>
      <data>
        2.65625000e-01 4.92788479e-02 1.20192312e-03 0. 0. 0. 0. 0. 0.
        0. 0. 0. 0. 3.60576948e-03 1.20192310e-02 3.72596160e-02
        1.55048087e-01 3.02884638e-01 0. 1.73076928e-01</data></histogram></_>
  <_><id>7</id>
    <height>1.3872957229614258e-01</height>
    <contour2d>
      7.05850005e-01 2.47032125e-03 7.26362467e-01 1.97651647e-02
      7.26362467e-01 2.38051638e-02 7.25776732e-01 2.64994614e-02
      7.20409393e-01 4.10819463e-02 7.00846612e-01 7.15611503e-02
      6.99530125e-01 7.31945187e-02 6.99274361e-01 7.33024776e-02
      6.97243452e-01 7.31982887e-02 6.93131268e-01 7.14682341e-02
      6.91608429e-01 7.00793266e-02 6.84605956e-01 6.23356253e-02
      6.79768801e-01 5.40656000e-02 6.80175245e-01 5.15471846e-02
      6.83122814e-01 3.95314693e-02 7.04078078e-01 3.83957755e-03</contour2d>
    <histogram type_id="opencv-matrix">
      <rows>20</rows>
      <cols>1</cols>
      <dt>f</dt>
      <data>
        9.48389918e-02 1.72033515e-02 8.82223190e-04 0. 4.41111595e-04
        0. 0. 0. 0. 0. 3.52889276e-03 4.41111578e-03 1.14689013e-02
        3.26422565e-02 3.48478146e-02 5.16100563e-02 9.08689871e-02
        2.29819134e-01 0. 4.27437127e-01</data></histogram></_></obj>
</opencv_storage>
