<?xml version="1.0"?>
<opencv_storage>
<obj>
  <_><id>1</id>
    <height>5.2565574645996094e-02</height>
    <contour2d>
      5.62310100e-01 6.78890124e-02 5.41166782e-01 7.02006891e-02
      5.21112323e-01 6.68318048e-02 5.20880878e-01 6.37392104e-02
      5.20729303e-01 5.50458618e-02 5.20818651e-01 4.56867553e-02
      5.23340702e-01 -1.00159843e-03 5.24690688e-01 -2.17679609e-02
      5.25602400e-01 -2.32911352e-02 5.27123868e-01 -2.35424694e-02
      5.57881176e-01 -2.21850444e-02 5.61705232e-01 -2.05601677e-02
      5.64254582e-01 -1.56800207e-02 5.65935731e-01 -9.20025446e-03
      5.67056596e-01 2.84068193e-02 5.67056596e-01 3.33146229e-02
      5.65935850e-01 4.95685004e-02</contour2d>
    <histogram type_id="opencv-matrix">
      <rows>20</rows>
      <cols>1</cols>
      <dt>f</dt>
      <data>
        2.20320866e-01 2.02673808e-01 4.65240665e-02 1.60427811e-03 0.
        0. 0. 0. 0. 0. 0. 1.06951874e-03 1.60427811e-03 8.02139007e-03
        2.35294122e-02 3.20855603e-02 7.64705911e-02 2.90909111e-01 0.
        9.51871648e-02</data></histogram></_>
  <_><id>2</id>
    <height>5.4332852363586426e-02</height>
    <contour2d>
      5.78001559e-01 3.85431647e-02 5.76709211e-01 4.01938222e-02
      5.70419073e-01 4.66978438e-02 5.55705845e-01 5.61048314e-02
      5.52564561e-01 5.55241480e-02 5.50250351e-01 5.40316738e-02
      5.36301196e-01 3.98778133e-02 5.03232002e-01 -9.72969458e-04
      5.02206504e-01 -2.53911922e-03 4.98307407e-01 -1.03999907e-02
      4.99538600e-01 -1.35441469e-02 5.06946743e-01 -2.35297177e-02
      5.14513135e-01 -3.31938118e-02 5.25602400e-01 -3.76238674e-02
      5.32009900e-01 -3.27793807e-02 5.38288891e-01 -2.66267639e-02
      5.75577497e-01 1.21210581e-02 5.79293847e-01 1.87443737e-02
      5.80586255e-01 2.36930419e-02 5.80586255e-01 3.19422074e-02
      5.79703152e-01 3.53548937e-02</contour2d>
    <histogram type_id="opencv-matrix">
      <rows>20</rows>
      <cols>1</cols>
      <dt>f</dt>
      <data>
        2.64172345e-01 1.43424034e-01 4.76190485e-02 4.53514745e-03
        5.66893432e-04 0. 0. 5.66893432e-04 0. 0. 1.70068024e-03
        5.66893432e-04 2.83446722e-03 3.96825420e-03 1.70068033e-02
        3.06122452e-02 7.31292516e-02 3.03854883e-01 0. 1.05442181e-01</data></histogram></_>
  <_><id>3</id>
    <height>5.2080690860748291e-02</height>
    <contour2d>
      5.79293907e-01 2.86433790e-02 5.74287951e-01 3.35245319e-02
      5.40089488e-01 3.29027101e-02 5.06005704e-01 3.05609331e-02
      4.92601097e-01 2.87665948e-02 4.93653417e-01 6.07781170e-04
      4.96123791e-01 -1.51627073e-02 4.97199297e-01 -1.65593531e-02
      4.98307407e-01 -1.66866872e-02 5.29344857e-01 -1.53308855e-02
      5.76451063e-01 -1.08951209e-02 5.79446375e-01 -9.28404834e-03
      5.81878543e-01 2.24441150e-03 5.83435833e-01 1.88423358e-02
      5.82296014e-01 2.21128929e-02</contour2d>
    <histogram type_id="opencv-matrix">
      <rows>20</rows>
      <cols>1</cols>
      <dt>f</dt>
      <data>
        1.93103448e-01 1.55862078e-01 2.41379309e-02 8.96551739e-03 0.
        0. 0. 0. 0. 6.89655193e-04 2.06896570e-03 4.13793139e-03
        1.37931039e-03 4.13793139e-03 1.17241386e-02 3.31034511e-02
        1.17241383e-01 2.82758623e-01 0. 1.60689667e-01</data></histogram></_>
  <_><id>4</id>
    <height>5.3175806999206543e-02</height>
    <contour2d>
      5.74287832e-01 -9.28078871e-03 5.68493247e-01 5.92901430e-04
      5.40995777e-01 2.95751058e-02 5.24355114e-01 4.51881252e-02
      5.13223767e-01 5.27495146e-02 5.08271933e-01 5.11723012e-02
      4.88693953e-01 2.72654258e-02 4.87698317e-01 2.56402381e-02
      4.86204803e-01 2.24357210e-02 4.87426460e-01 1.93159115e-02
      4.89372492e-01 1.50355175e-02 5.07195532e-01 -5.83891477e-03
      5.21159291e-01 -1.88676603e-02 5.40757179e-01 -3.39549929e-02
      5.43336451e-01 -3.56030241e-02 5.45915723e-01 -3.56046520e-02
      5.59317887e-01 -2.37631090e-02</contour2d>
    <histogram type_id="opencv-matrix">
      <rows>20</rows>
      <cols>1</cols>
      <dt>f</dt>
      <data>
        2.51651645e-01 1.60960972e-01 5.16516529e-02 1.20120123e-03
        6.00600615e-04 0. 0. 0. 0. 0. 1.20120123e-03 6.00600615e-04
        1.20120123e-03 4.20420431e-03 1.14114117e-02 2.10210215e-02
        6.12612627e-02 2.69069076e-01 0. 1.63963974e-01</data></histogram></_>
  <_><id>5</id>
    <height>5.2678525447845459e-02</height>
    <contour2d>
      5.74287832e-01 -9.28078871e-03 5.63378274e-01 7.12599279e-03
      5.62099457e-01 8.75927322e-03 5.24355114e-01 4.51881252e-02
      5.13223767e-01 5.27495146e-02 5.10747850e-01 5.27510792e-02
      5.07034004e-01 5.11730835e-02 4.87465501e-01 2.41297688e-02
      4.87426460e-01 2.08754148e-02 4.87698257e-01 1.93812996e-02
      4.89372492e-01 1.50355175e-02 5.32606840e-01 -3.34888995e-02
      5.43336451e-01 -3.56030241e-02 5.45915723e-01 -3.56046520e-02</contour2d>
    <histogram type_id="opencv-matrix">
      <rows>20</rows>
      <cols>1</cols>
      <dt>f</dt>
      <data>
        2.56227762e-01 1.73190996e-01 4.38908674e-02 3.55871907e-03
        1.18623965e-03 0. 0. 0. 0. 1.18623965e-03 1.18623965e-03
        1.18623965e-03 2.37247930e-03 4.15183883e-03 9.48991720e-03
        1.83867142e-02 7.05812573e-02 2.57414013e-01 0. 1.55990511e-01</data></histogram></_>
  <_><id>6</id>
    <height>5.5826663970947266e-02</height>
    <contour2d>
      5.54777920e-01 -3.81909162e-02 5.51686347e-01 5.41832782e-02
      5.50414443e-01 5.58078736e-02 5.47506154e-01 5.72481118e-02
      5.39734721e-01 6.01638295e-02 5.28097510e-01 6.11109920e-02
      5.23480713e-01 6.08458817e-02 5.08359969e-01 5.46332635e-02
      5.06946862e-01 3.92559692e-02 5.06005645e-01 -9.76893352e-04
      5.08271754e-01 -2.94264145e-02 5.09711206e-01 -3.25170942e-02
      5.16937375e-01 -3.41729745e-02 5.45024514e-01 -3.79511714e-02</contour2d>
    <histogram type_id="opencv-matrix">
      <rows>20</rows>
      <cols>1</cols>
      <dt>f</dt>
      <data>
        2.83565462e-01 1.83844015e-01 2.78551541e-02 1.67130923e-03 0.
        0. 0. 0. 0. 0. 5.57103078e-04 1.11420616e-03 6.12813374e-03
        1.22562675e-02 2.00557113e-02 1.55988857e-02 7.46518150e-02
        2.39554331e-01 0. 1.33147642e-01</data></histogram></_>
  <_><id>7</id>
    <height>5.3904891014099121e-02</height>
    <contour2d>
      5.52782655e-01 5.59264980e-02 5.43885052e-01 6.03570193e-02
      5.41354716e-01 6.03586212e-02 5.34879684e-01 5.68235181e-02
      5.29646218e-01 5.37306257e-02 5.09469926e-01 3.78492624e-02
      5.05930424e-01 3.45394053e-02 4.82275009e-01 5.35808364e-03
      4.81318295e-01 3.72451148e-03 4.80515063e-01 5.96838130e-04
      4.81724441e-01 -4.03560279e-03 4.82275009e-01 -5.70449233e-03
      4.86930966e-01 -1.53040839e-02 4.98521209e-01 -2.60599367e-02
      5.03231943e-01 -2.92633120e-02 5.04463136e-01 -2.92640887e-02
      5.05895853e-01 -2.86006853e-02 5.17122567e-01 -1.99066456e-02
      5.55502117e-01 1.19625395e-02 5.59155941e-01 1.52410632e-02
      5.67056596e-01 2.51349267e-02 5.67056596e-01 2.84068193e-02
      5.62099576e-01 4.14085947e-02</contour2d>
    <histogram type_id="opencv-matrix">
      <rows>20</rows>
      <cols>1</cols>
      <dt>f</dt>
      <data>
        2.97139525e-01 1.24343254e-01 2.33508460e-02 1.75131345e-03
        1.16754230e-03 0. 0. 0. 0. 0. 1.16754230e-03 1.16754230e-03
        4.67016920e-03 8.17279611e-03 1.75131336e-02 1.69293638e-02
        6.07121997e-02 3.01225901e-01 0. 1.40688851e-01</data></histogram></_>
  <_><id>8</id>
    <height>5.1666855812072754e-02</height>
    <contour2d>
      5.76709211e-01 3.19446549e-02 5.74287951e-01 3.35245319e-02
      5.63212156e-01 3.65889445e-02 5.55331945e-01 3.80250625e-02
      5.44970334e-01 3.94454077e-02 4.99955356e-01 3.81503701e-02
      4.94653642e-01 3.73671465e-02 4.89689469e-01 1.78957637e-02
      4.90920603e-01 -5.68028586e-03 4.91182923e-01 -7.27512175e-03
      5.28097391e-01 -1.05525414e-02 5.75165510e-01 -9.25312284e-03
