<?xml version="1.0"?>
<opencv_storage>
<obj>
  <_><id>1</id>
    <height>4.6251118183135986e-02</height>
    <contour2d>
      5.02612352e-01 9.84328017e-02 4.96026874e-01 9.54689309e-02
      4.74840730e-01 8.08485374e-02 4.27214414e-01 2.67502498e-02
      4.23962146e-01 1.75036080e-02 4.22715127e-01 -3.37485177e-03
      4.21242893e-01 -3.81419770e-02 4.21022117e-01 -7.27386251e-02
      4.22072858e-01 -1.14170551e-01 4.22598243e-01 -1.28518134e-01
      4.44048107e-01 -1.73249528e-01 4.45744216e-01 -1.74567491e-01
      4.55301106e-01 -1.71750039e-01 4.59792137e-01 -1.70209423e-01
      5.66055536e-01 -1.15139760e-01 5.75876355e-01 -1.04080111e-01
      6.02507114e-01 -5.01421653e-02 6.02748990e-01 -1.33693079e-02
      6.00759804e-01 -7.19181914e-03 5.82919717e-01 2.95020323e-02
      5.67552388e-01 5.33551127e-02 5.60346901e-01 6.04128428e-02</contour2d>
    <histogram type_id="opencv-matrix">
      <rows>20</rows>
      <cols>1</cols>
      <dt>f</dt>
      <data>
        0. 7.99616173e-05 7.27650709e-03 9.87046182e-01 5.51735144e-03
        7.99616173e-05 0. 0. 0. 0. 0. 0. 0. 0. 0. 0. 0. 0. 0. 0.</data></histogram></_>
  <_><id>2</id>
    <height>7.4167072772979736e-02</height>
    <contour2d>
      5.03492951e-01 8.87017623e-02 5.00256777e-01 8.96550566e-02
      4.28879231e-01 8.74335766e-02 4.24225450e-01 -5.24607599e-02
      4.24488813e-01 -7.72516429e-02 4.25989330e-01 -1.54991820e-01
      4.33057249e-01 -1.55163571e-01 4.72626626e-01 -1.47922084e-01
      4.76072371e-01 -1.47140175e-01 5.48775017e-01 -1.08506501e-01
      5.53125501e-01 -1.06105603e-01 5.56548417e-01 -1.03676029e-01
      5.80571949e-01 -8.21047276e-02 6.00956857e-01 -2.43076086e-02
      6.01957083e-01 -1.96508281e-02 5.06470263e-01 8.61137956e-02</contour2d>
    <histogram type_id="opencv-matrix">
      <rows>20</rows>
      <cols>1</cols>
      <dt>f</dt>
      <data>
        0. 0. 1.29230097e-02 9.67473447e-01 1.91654805e-02
        3.28551105e-04 1.09517030e-04 0. 0. 0. 0. 0. 0. 0. 0. 0. 0. 0.
        0. 0.</data></histogram></_>
  <_><id>3</id>
    <height>6.6743612289428711e-02</height>
    <contour2d>
      5.85052431e-01 2.76827868e-02 5.83780110e-01 2.91246977e-02
      5.64705312e-01 3.60274911e-02 5.26041448e-01 4.04369682e-02
      4.74454165e-01 4.56828512e-02 4.26486194e-01 4.49266583e-02
      4.24803555e-01 4.36222740e-02 4.23759401e-01 4.22036909e-02
      4.23552126e-01 3.81931849e-02 4.22874480e-01 3.01189604e-03
      4.22873497e-01 -4.52548731e-03 4.24223274e-01 -7.98690468e-02
      4.46764857e-01 -1.10788465e-01 4.54014063e-01 -1.13145053e-01
      4.55973327e-01 -1.13439679e-01 4.57700729e-01 -1.13441318e-01
      4.89138544e-01 -1.10478640e-01 4.94116604e-01 -1.09663934e-01
      4.97060418e-01 -1.08561486e-01 5.91806114e-01 -6.02644421e-02
      5.93034863e-01 -1.01740006e-02</contour2d>
    <histogram type_id="opencv-matrix">
      <rows>20</rows>
      <cols>1</cols>
      <dt>f</dt>
      <data>
        0. 5.36840700e-04 1.28841773e-02 9.73292172e-01 1.31525975e-02
        1.34210175e-04 0. 0. 0. 0. 0. 0. 0. 0. 0. 0. 0. 0. 0. 0.</data></histogram></_>
  <_><id>4</id>
    <height>8.4794104099273682e-02</height>
    <contour2d>
      5.98051310e-01 -8.30252916e-02 5.95511019e-01 -7.95718431e-02
      5.77554405e-01 -6.60286024e-02 4.96026576e-01 -1.34408735e-02
      4.93573427e-01 -1.20710917e-02 4.87453878e-01 -1.19789196e-02
      4.83873725e-01 -1.33648477e-02 4.32607889e-01 -3.85470353e-02
      4.30738956e-01 -4.25538197e-02 4.29483473e-01 -1.57333478e-01
      4.29409504e-01 -1.73553675e-01 4.29632455e-01 -1.74016833e-01
      4.45873439e-01 -1.84024885e-01 4.78117883e-01 -1.87539935e-01
      5.15176535e-01 -1.85629159e-01 5.17872751e-01 -1.84900314e-01
      5.19978583e-01 -1.82517186e-01</contour2d>
    <histogram type_id="opencv-matrix">
      <rows>20</rows>
      <cols>1</cols>
      <dt>f</dt>
      <data>
        0. 1.28238011e-04 1.41061815e-02 9.70633507e-01 1.51320854e-02
        0. 0. 0. 0. 0. 0. 0. 0. 0. 0. 0. 0. 0. 0. 0.</data></histogram></_>
  <_><id>5</id>
    <height>6.2326192855834961e-02</height>
    <contour2d>
      5.46076357e-01 -1.33486211e-01 5.48985302e-01 -1.21278681e-01
      5.49930751e-01 -1.15409680e-01 5.48922718e-01 -8.63627642e-02
      5.39523184e-01 -5.39377965e-02 5.29712319e-01 -3.33442390e-02
      5.17885029e-01 -1.06183244e-02 5.10086536e-01 1.87225512e-03
      4.83851165e-01 2.71642599e-02 4.66398954e-01 3.76015268e-02
      4.54803377e-01 4.25151810e-02 4.45797563e-01 4.50892337e-02
      4.31984544e-01 4.44995016e-02 4.30989742e-01 -8.45863298e-03
      4.29537356e-01 -1.17171943e-01 4.33871746e-01 -1.20584168e-01</contour2d>
    <histogram type_id="opencv-matrix">
      <rows>20</rows>
      <cols>1</cols>
      <dt>f</dt>
      <data>
        0. 1.51515153e-04 1.22727277e-02 9.75454569e-01 1.15151517e-02
        6.06060610e-04 0. 0. 0. 0. 0. 0. 0. 0. 0. 0. 0. 0. 0. 0.</data></histogram></_>
  <_><id>6</id>
    <height>5.2680909633636475e-02</height>
    <contour2d>
      5.32327652e-01 8.58752802e-02 5.28998613e-01 8.54636356e-02
      4.56661642e-01 4.97983992e-02 4.49326217e-01 4.42430526e-02
      4.30246949e-01 2.64956243e-02 4.24388885e-01 1.87069997e-02
      4.23028797e-01 -8.56034830e-03 4.23028767e-01 -1.76413842e-02
      4.23864365e-01 -6.30473122e-02 4.24598187e-01 -7.63245970e-02
      4.38015640e-01 -1.28993303e-01 4.39718425e-01 -1.31638125e-01
      4.42272633e-01 -1.31640539e-01 4.58321333e-01 -1.27858683e-01
      4.73331213e-01 -1.23695567e-01 5.10706365e-01 -1.04470961e-01
      5.37063420e-01 -8.21924806e-02 5.56558013e-01 -5.88119030e-02
      5.59685290e-01 -5.02541289e-02 5.65966904e-01 -2.57281866e-02
      5.65966904e-01 -2.13570092e-02 5.41983247e-01 6.52956218e-02
      5.35123467e-01 8.29793587e-02 5.34191549e-01 8.44268724e-02</contour2d>
    <histogram type_id="opencv-matrix">
      <rows>20</rows>
      <cols>1</cols>
      <dt>f</dt>
      <data>
        0. 3.78000375e-04 1.49310147e-02 9.69192982e-01 1.52145149e-02
        2.83500296e-04 0. 0. 0. 0. 0. 0. 0. 0. 0. 0. 0. 0. 0. 0.</data></histogram></_>
  <_><id>7</id>
    <height>6.8568527698516846e-02</height>
    <contour2d>
      5.61884940e-01 -1.23054780e-01 5.72619796e-01 -1.11028641e-01
      6.02052271e-01 -6.95445761e-02 6.03380561e-01 -6.52260184e-02
      6.03190303e-01 -5.00306599e-02 5.84443152e-01 -5.49537828e-03
      5.81539929e-01 -2.48818914e-03 5.34991086e-01 3.98689322e-02
      5.33113778e-01 4.13277447e-02 5.28173983e-01 4.41398919e-02
      4.58619714e-01 2.22013127e-02 4.55241024e-01 2.07680520e-02
      4.50468838e-01 1.79785378e-02 4.47122633e-01 1.52358226e-02
      4.44326460e-01 1.25302654e-02 4.30274785e-01 -3.22980583e-02
      4.27978277e-01 -4.55122367e-02 4.27586019e-01 -5.88443056e-02
      4.27816749e-01 -6.93524033e-02 4.30079758e-01 -7.43307844e-02
      4.51654792e-01 -1.14776284e-01 4.60687310e-01 -1.23938873e-01
      4.71808791e-01 -1.28113255e-01 4.83071327e-01 -1.29582033e-01
      5.11608005e-01 -1.29667357e-01 5.58421731e-01 -1.23912595e-01</contour2d>
    <histogram type_id="opencv-matrix">
      <rows>20</rows>
      <cols>1</cols>
      <dt>f</dt>
      <data>
        0. 0. 7.03860866e-03 9.83128011e-01 9.31580551e-03
        5.17544744e-04 0. 0. 0. 0. 0. 0. 0. 0. 0. 0. 0. 0. 0. 0.</data></histogram></_>
  <_><id>8</id>
    <height>3.4488201141357422e-02</height>
    <contour2d>
      5.14268756e-01 5.97418100e-02 4.81851995e-01 6.42774776e-02
      4.75714386e-01 6.40399233e-02 4.71712947e-01 6.09718114e-02
      4.60588098e-01 4.94189449e-02 4.24700290e-01 3.11369752e-03
      4.24482942e-01 1.81067002e-03 4.24261123e-01 -7.22744456e-03
      4.24482733e-01 -7.58183375e-02 4.25457299e-01 -1.14997134e-01
      4.37119335e-01 -1.44640997e-01 4.37961757e-01 -1.45949543e-01
      4.49325681e-01 -1.42592683e-01 4.51275021e-01 -1.41638666e-01
      5.05437970e-01 -1.08325429e-01 5.55445075e-01 -6.62127063e-02
