<?xml version="1.0"?>
<opencv_storage>
<obj>
  <_><id>0</id>
    <height>1.0464382171630859e-01</height>
    <contour2d>
      7.33623624e-01 8.18949267e-02 7.32995629e-01 8.18959624e-02
      7.26517260e-01 7.80938715e-02 7.22724319e-01 7.22867996e-02
      7.14035213e-01 5.48112541e-02 7.13189840e-01 5.19108213e-02
      7.13189840e-01 4.62574922e-02 7.16882169e-01 3.41836512e-02
      7.23356307e-01 1.56057747e-02 7.25024641e-01 1.40102347e-02
      7.28829980e-01 1.12689771e-02 7.34726965e-01 1.10497903e-02
      7.36837506e-01 1.53652793e-02 7.37851262e-01 8.06592405e-02</contour2d>
    <histogram type_id="opencv-matrix">
      <rows>20</rows>
      <cols>1</cols>
      <dt>f</dt>
      <data>
        1.49418250e-01 1.65339857e-02 4.28658910e-03 3.06184916e-03
        3.06184916e-03 1.22473971e-03 6.12369855e-04 1.83710956e-03
        1.83710956e-03 1.65339857e-02 7.96080828e-02 4.16411497e-02
        1.28597673e-02 1.34721370e-02 1.83710959e-02 3.73545624e-02
        5.38885482e-02 3.55786890e-01 2.44947942e-03 1.86160430e-01</data></histogram></_>
  <_><id>1</id>
    <height>2.3303747177124023e-01</height>
    <contour2d>
      8.98209393e-01 -3.17867190e-01 8.09592962e-01 -3.20504993e-01
      7.24955678e-01 -3.23762327e-01 6.85410798e-01 -3.26317340e-01
      6.73767805e-01 -3.28191996e-01 6.72316790e-01 -3.28881860e-01
      6.70159936e-01 -3.33172739e-01 6.68596745e-01 -3.42873335e-01
      6.68490112e-01 -3.53308111e-01 6.71180546e-01 -3.55297655e-01
      8.57075155e-01 -3.26615125e-01 8.96286130e-01 -3.19632262e-01</contour2d>
    <histogram type_id="opencv-matrix">
      <rows>20</rows>
      <cols>1</cols>
      <dt>f</dt>
      <data>
        1.74334142e-02 7.74253428e-01 1.88135594e-01 2.66343821e-03 0.
        0. 0. 1.61420496e-04 0. 1.04923325e-03 5.08474559e-03
        3.14769964e-03 2.42130744e-04 1.37207424e-03 1.53349468e-03
        8.07102479e-04 3.22840991e-04 1.04923325e-03 0. 2.74414849e-03</data></histogram></_>
  <_><id>2</id>
    <height>2.3476517200469971e-01</height>
    <contour2d>
      9.92721498e-01 3.70347559e-01 9.91546094e-01 3.69551569e-01
      7.01179564e-01 -3.68924171e-01 7.04083502e-01 -3.70264202e-01
      7.09658444e-01 -3.72492582e-01 7.27452040e-01 -3.77869964e-01
      9.16033626e-01 -3.79638046e-01 9.72366452e-01 -3.79526645e-01
      9.79532182e-01 -3.77707988e-01 9.82512951e-01 -3.72762352e-01
      9.90874648e-01 -3.36326808e-01 9.94839668e-01 -2.26013675e-01
      1.00464451e+00 2.91587114e-01 1.00464451e+00 2.96901405e-01
      1.00244915e+00 3.50679517e-01 1.00169742e+00 3.62233073e-01
      1.00023210e+00 3.64076823e-01 9.93686438e-01 3.69868636e-01</contour2d>
    <histogram type_id="opencv-matrix">
      <rows>20</rows>
      <cols>1</cols>
      <dt>f</dt>
      <data>
        6.17789365e-02 7.88835108e-01 1.44225284e-01 6.69892062e-04 0.
        0. 0. 0. 0. 0. 0. 2.48108172e-05 3.96973075e-04 9.42811079e-04
        5.21027134e-04 4.71405539e-04 9.18000238e-04 1.21573010e-03 0.
        0.</data></histogram></_>
  <_><id>3</id>
    <height>1.0522043704986572e-01</height>
    <contour2d>
      6.97670281e-01 4.07599024e-02 6.89541817e-01 4.04137671e-02
      6.56362057e-01 3.38438228e-02 6.55716419e-01 3.31326053e-02
      6.51214242e-01 1.87995415e-02 6.50924802e-01 1.49477171e-02
      6.51223063e-01 9.99509823e-03 6.56840265e-01 -9.38558299e-03
      6.65188193e-01 -1.79361906e-02 6.74234688e-01 -1.67287122e-02
      7.05848396e-01 3.30716707e-02 7.05848396e-01 3.44107151e-02
      7.05265999e-01 3.57507244e-02</contour2d>
    <histogram type_id="opencv-matrix">
      <rows>20</rows>
      <cols>1</cols>
      <dt>f</dt>
      <data>
        7.97872338e-03 1.32978717e-02 3.98936169e-03 1.32978719e-03
        1.32978719e-03 2.65957438e-03 0. 3.98936169e-03 1.99468080e-02
        1.74202129e-01 3.76329780e-01 1.46276593e-01 4.78723384e-02
        2.52659563e-02 1.46276588e-02 2.39361692e-02 1.99468080e-02
        9.30851046e-03 0. 1.07712761e-01</data></histogram></_>
  <_><id>4</id>
    <height>1.0259938240051270e-01</height>
    <contour2d>
      6.60172164e-01 -1.78323723e-02 6.63100958e-01 -1.64905377e-02
      6.64272428e-01 -1.51457991e-02 6.64272428e-01 -1.24524673e-02
      6.61904812e-01 4.75716069e-02 6.61341429e-01 4.75725345e-02
      6.57956719e-01 4.34298590e-02 6.49004400e-01 3.03820744e-02
      6.42024457e-01 1.81168709e-02 6.44262254e-01 6.01790566e-03
      6.47094309e-01 -4.24252171e-03</contour2d>
    <histogram type_id="opencv-matrix">
      <rows>20</rows>
      <cols>1</cols>
      <dt>f</dt>
      <data>
        6.79611648e-03 4.85436898e-03 9.70873807e-04 9.70873807e-04
        3.88349523e-03 1.94174761e-03 3.88349523e-03 9.70873795e-03
        2.52427198e-02 1.02912627e-01 3.64077687e-01 1.65048555e-01
        7.86407813e-02 3.78640778e-02 1.84466019e-02 1.06796119e-02
        1.55339809e-02 4.56310697e-02 0. 1.02912627e-01</data></histogram></_>
  <_><id>5</id>
    <height>1.0222685337066650e-01</height>
    <contour2d>
      6.66726470e-01 -2.06196029e-02 6.73734248e-01 -2.04926711e-02
      6.73046768e-01 4.47303653e-02 6.72452748e-01 4.60970625e-02
      6.71264708e-01 4.60990220e-02 6.59625828e-01 4.39522006e-02
      6.52973413e-01 2.46056393e-02 6.50504470e-01 1.40451863e-02
      6.50189042e-01 1.14503913e-02 6.50037706e-01 7.46341003e-03
      6.53034925e-01 -2.94858287e-03 6.57226324e-01 -1.21642938e-02
      6.60757899e-01 -1.78333391e-02 6.61929429e-01 -1.91819351e-02</contour2d>
    <histogram type_id="opencv-matrix">
      <rows>20</rows>
      <cols>1</cols>
      <dt>f</dt>
      <data>
        1.70903951e-01 2.61299442e-02 7.06214691e-03 2.11864407e-03
        7.06214691e-04 2.82485876e-03 2.82485876e-03 1.41242938e-03
        9.18079074e-03 1.55367237e-02 1.06638417e-01 1.08050846e-01
        4.59039547e-02 1.90677959e-02 2.04802267e-02 3.60169485e-02
        6.00282475e-02 2.25282490e-01 7.06214691e-04 1.39124289e-01</data></histogram></_></obj>
</opencv_storage>
