<?xml version="1.0"?>
<opencv_storage>
<obj>
  <_><id>0</id>
    <height>6.4643979072570801e-02</height>
    <contour2d>
      7.24123776e-01 9.10920650e-02 6.81017995e-01 8.95422250e-02
      6.80055320e-01 8.94076079e-02 6.78872168e-01 8.80495533e-02
      6.74024284e-01 -4.40790458e-03 6.73187613e-01 -5.19128069e-02
      6.76143706e-01 -5.39174266e-02 7.15397716e-01 -5.19138388e-02
      7.21532583e-01 -4.94681522e-02 7.23617375e-01 -4.81335744e-02
      7.24228024e-01 -4.67307717e-02 7.31774032e-01 3.08085326e-02
      7.32889056e-01 8.78065228e-02</contour2d>
    <histogram type_id="opencv-matrix">
      <rows>20</rows>
      <cols>1</cols>
      <dt>f</dt>
      <data>
        0. 0. 0. 7.23588979e-04 2.17076694e-03 1.44717796e-03
        7.95947853e-03 1.73661355e-02 6.29522428e-02 3.11143268e-02
        1.51953688e-02 1.44717796e-03 0. 0. 1.44717796e-03
        3.61794489e-03 2.17076694e-03 0. 0. 8.52387846e-01</data></histogram></_>
  <_><id>1</id>
    <height>6.6573619842529297e-02</height>
    <contour2d>
      7.83240020e-01 6.60075694e-02 7.69870222e-01 7.83001408e-02
      7.67285287e-01 7.97901154e-02 7.63830125e-01 7.96920806e-02
      7.55536199e-01 7.77373537e-02 6.56226695e-01 1.83413308e-02
      6.51691973e-01 7.48528913e-03 6.51691973e-01 4.87957615e-03
      6.52777851e-01 -5.55855688e-03 6.72452450e-01 -3.99429128e-02
      6.73640549e-01 -4.13105823e-02 6.77902937e-01 -4.09237370e-02
      7.25600064e-01 -1.16808917e-02 7.92264581e-01 2.99361236e-02
      7.92264581e-01 3.29761207e-02 7.83897042e-01 6.44960180e-02</contour2d>
    <histogram type_id="opencv-matrix">
      <rows>20</rows>
      <cols>1</cols>
      <dt>f</dt>
      <data>
        1.12966606e-02 3.43811419e-03 5.40275080e-03 1.17878197e-02
        1.66994110e-02 1.42436158e-02 5.64833023e-02 1.48821220e-01
        1.81237727e-01 1.23772107e-01 5.50098270e-02 4.91159130e-03
        1.96463661e-03 3.92927323e-03 4.91159130e-03 1.32612968e-02
        1.91552062e-02 1.57170929e-02 0. 3.07956785e-01</data></histogram></_>
  <_><id>2</id>
    <height>6.6621184349060059e-02</height>
    <contour2d>
      7.98677742e-01 2.56315973e-02 6.71106696e-01 3.28379795e-02
      6.67064428e-01 3.28446440e-02 6.65396929e-01 3.14265974e-02
      6.63599610e-01 2.88674999e-02 6.59625709e-01 1.13807805e-02
      6.58979654e-01 -2.68848687e-02 6.62114978e-01 -2.82567777e-02
      7.56802619e-01 -3.26144993e-02 7.74863005e-01 -2.87501235e-02
      7.90718973e-01 -2.47517154e-02 7.91379273e-01 -2.32347045e-02
      7.92264402e-01 -2.02238634e-02</contour2d>
    <histogram type_id="opencv-matrix">
      <rows>20</rows>
      <cols>1</cols>
      <dt>f</dt>
      <data>
        2.03458802e-03 1.01729401e-03 2.03458802e-03 1.01729401e-03
        2.03458802e-03 1.22075286e-02 9.15564597e-02 9.15564597e-02
        1.03763990e-01 8.34181085e-02 3.76398787e-02 5.08646993e-03
        4.06917604e-03 2.03458802e-03 2.03458802e-03 4.06917604e-03
        1.01729401e-03 0. 0. 5.53407967e-01</data></histogram></_>
  <_><id>3</id>
    <height>6.7757487297058105e-02</height>
    <contour2d>
      7.51563609e-01 -7.55100474e-02 7.57199943e-01 -7.05588758e-02
      7.80801654e-01 -4.54822816e-02 7.80801713e-01 -3.79775204e-02
      7.74863005e-01 -2.27920301e-02 7.72454798e-01 -1.82755236e-02
      7.17416704e-01 7.78720304e-02 7.16797829e-01 7.78730512e-02
      7.08844125e-01 7.45961368e-02 7.01596379e-01 6.90537989e-02
      6.80341780e-01 5.08876108e-02 6.77408874e-01 4.81953062e-02
      6.71543002e-01 3.74164023e-02 6.70956433e-01 3.60688046e-02
      6.73197269e-01 2.94078141e-02 7.42804050e-01 -7.35514089e-02
      7.50923157e-01 -7.55089894e-02</contour2d>
    <histogram type_id="opencv-matrix">
      <rows>20</rows>
      <cols>1</cols>
      <dt>f</dt>
      <data>
        3.52858147e-03 4.94001433e-03 7.05716317e-04 7.76287960e-03
        1.05857449e-02 1.97600573e-02 3.31686661e-02 6.28087521e-02
        1.82074815e-01 1.87720537e-01 5.78687377e-02 3.52858147e-03 0.
        7.05716317e-04 4.23429813e-03 1.12914611e-02 5.64573053e-03
        1.41143263e-03 0. 4.02258307e-01</data></histogram></_>
  <_><id>4</id>
    <height>6.4512252807617188e-02</height>
    <contour2d>
      7.39956975e-01 6.98629767e-02 7.00620949e-01 6.86709508e-02
      6.98624194e-01 6.72968924e-02 6.97398007e-01 6.58893809e-02
      6.96852326e-01 6.37728125e-02 6.85228169e-01 -3.11611104e-03
      6.93398654e-01 -7.30548054e-02 6.94591701e-01 -7.44282082e-02
      6.96017265e-01 -7.55523592e-02 7.27943480e-01 -7.53134638e-02
      7.34745264e-01 -7.01336414e-02 7.42944717e-01 -5.93820699e-02
      7.44441271e-01 -5.65817542e-02 7.45067835e-01 -4.22802696e-04
      7.43815303e-01 6.29392490e-02 7.43188977e-01 6.72602803e-02
      7.41694093e-01 6.86104447e-02</contour2d>
    <histogram type_id="opencv-matrix">
      <rows>20</rows>
      <cols>1</cols>
      <dt>f</dt>
      <data>
        1.14025082e-03 0. 1.14025082e-03 0. 3.42075247e-03
        4.56100330e-03 1.36830099e-02 2.28050165e-02 1.67616874e-01
        8.66590589e-02 4.21892814e-02 7.98175577e-03 0. 1.14025082e-03
        0. 5.70125412e-03 4.56100330e-03 3.42075247e-03 0.
        6.33979440e-01</data></histogram></_>
  <_><id>5</id>
    <height>6.7557811737060547e-02</height>
    <contour2d>
      7.87417591e-01 4.96403761e-02 7.75131106e-01 5.19538634e-02
      7.74479926e-01 5.19549362e-02 7.58652091e-01 4.95603308e-02
      7.47927129e-01 4.54708375e-02 6.67544603e-01 7.79134501e-03
      6.61867082e-01 2.31798389e-03 6.60214484e-01 -3.36278579e-04
      6.60214484e-01 -2.98389699e-03 6.60790324e-01 -6.95627369e-03
      6.76070571e-01 -4.46679480e-02 6.81236863e-01 -4.69137393e-02
      6.81832552e-01 -4.69147228e-02 7.80148923e-01 -4.95549943e-03
      7.85413265e-01 -4.58697585e-04 7.91379392e-01 5.60909510e-03
      7.92264462e-01 8.65612831e-03 7.96469510e-01 3.31403054e-02</contour2d>
    <histogram type_id="opencv-matrix">
      <rows>20</rows>
      <cols>1</cols>
      <dt>f</dt>
      <data>
        5.38213120e-04 0. 5.38213120e-04 2.69106566e-03 4.84391814e-03
        7.53498357e-03 1.66846067e-02 4.84391823e-02 2.64262646e-01
        1.13024756e-01 4.52099033e-02 1.07642624e-03 5.38213120e-04
        5.38213120e-04 5.38213120e-04 2.15285248e-03 0. 0. 0.
        4.91388589e-01</data></histogram></_>
  <_><id>6</id>
    <height>6.8829655647277832e-02</height>
    <contour2d>
      8.05570364e-01 2.42104027e-02 8.03557098e-01 2.72994339e-02
      7.68347859e-01 3.51703577e-02 6.77959800e-01 3.54646631e-02
      6.73994005e-01 3.28332186e-02 6.70003355e-01 1.55332945e-02
      6.69061542e-01 3.68645438e-03 6.68817699e-01 -4.36544465e-03
      6.68656886e-01 -1.90382749e-02 6.69154525e-01 -2.04297267e-02
      6.70448124e-01 -2.07919162e-02 7.56635845e-01 -2.82962844e-02
      7.96908975e-01 -2.80319825e-02 7.98907340e-01 -2.49724220e-02
      7.99573421e-01 -2.34420896e-02 8.06674361e-01 2.61795474e-03</contour2d>
    <histogram type_id="opencv-matrix">
      <rows>20</rows>
      <cols>1</cols>
      <dt>f</dt>
      <data>
        0. 1.29198970e-03 1.29198970e-03 1.93798449e-03 3.22997430e-03
        3.87596898e-03 1.42118866e-02 1.00129202e-01 1.84108526e-01
        6.45994842e-02 6.00775220e-02 5.81395347e-03 1.29198970e-03 0.
        0. 1.29198970e-03 0. 0. 0. 5.56847572e-01</data></histogram></_>
  <_><id>7</id>
    <height>6.7602396011352539e-02</height>
    <contour2d>
      7.91379213e-01 -3.23432758e-02 7.91379273e-01 -3.08251809e-02
      7.77274549e-01 -3.43806972e-03 7.18710005e-01 8.10439512e-02
      7.17467248e-01 8.10460001e-02 7.11158693e-01 8.03693011e-02
      7.07636178e-01 7.87638426e-02 6.79079711e-01 4.96838242e-02
      6.77995443e-01 4.81943376e-02 6.77408874e-01 4.68467362e-02
      6.78753257e-01 3.64743732e-02 7.49642313e-01 -6.66725934e-02
      7.53445983e-01 -6.64243549e-02 7.56939232e-01 -6.55439794e-02
      7.85413086e-01 -3.96320187e-02</contour2d>
    <histogram type_id="opencv-matrix">
