<?xml version="1.0"?>
<opencv_storage>
<obj>
  <_><id>0</id>
    <height>1.1853742599487305e-01</height>
    <contour2d>
      7.74162650e-01 1.38379261e-01 7.09210873e-01 1.65160954e-01
      6.92781568e-01 1.71366006e-01 6.81963384e-01 1.72235906e-01
      5.94292283e-01 1.44846112e-01 5.76550245e-01 1.38445690e-01
      5.68557262e-01 1.35374591e-01 5.63570321e-01 1.32679075e-01
      5.62335730e-01 1.31394073e-01 5.61578691e-01 1.30355716e-01
      5.60378373e-01 1.24728888e-01 5.59961617e-01 9.78009775e-02
      5.60418487e-01 8.94159526e-02 5.61036766e-01 8.77639130e-02
      5.68208039e-01 8.75144899e-02 5.78199387e-01 8.75261649e-02
      6.34566724e-01 9.27072242e-02 6.71084225e-01 9.67633873e-02
      7.24557459e-01 1.07155927e-01 7.74342239e-01 1.20136246e-01</contour2d>
    <histogram type_id="opencv-matrix">
      <rows>20</rows>
      <cols>1</cols>
      <dt>f</dt>
      <data>
        7.21903220e-02 0. 0. 0. 0. 0. 0. 0. 0. 4.41345364e-01 0. 0. 0.
        0. 0. 0. 0. 0. 1.05824448e-01 3.80639881e-01</data></histogram></_>
  <_><id>1</id>
    <height>1.1775624752044678e-01</height>
    <contour2d>
      7.43379176e-01 1.86955482e-01 7.10620224e-01 1.78140104e-01
      6.77298188e-01 1.68844253e-01 6.60015106e-01 1.63561523e-01
      6.15847647e-01 1.48532689e-01 5.91711581e-01 1.39375344e-01
      5.87060332e-01 1.36748284e-01 5.49252212e-01 1.10270724e-01
      5.48321486e-01 1.07225239e-01 5.48365772e-01 1.03755593e-01
      5.63069820e-01 8.81392285e-02 5.70981383e-01 8.35820511e-02
      5.74883640e-01 8.24587122e-02 5.83603382e-01 8.22358727e-02
      6.03132546e-01 8.37020651e-02 6.11099958e-01 8.47121552e-02
      6.33362114e-01 8.86579677e-02 6.96326971e-01 1.07737146e-01
      7.26403058e-01 1.34942114e-01</contour2d>
    <histogram type_id="opencv-matrix">
      <rows>20</rows>
      <cols>1</cols>
      <dt>f</dt>
      <data>
        1.75631177e-02 0. 0. 0. 0. 0. 0. 0. 0. 3.20526898e-01 0. 0. 0.
        0. 0. 0. 0. 0. 3.36992323e-01 3.24917674e-01</data></histogram></_>
  <_><id>2</id>
    <height>1.1862826347351074e-01</height>
    <contour2d>
      7.35871553e-01 1.12898074e-01 7.16391504e-01 1.43509626e-01
      6.77006125e-01 1.63174748e-01 6.32988095e-01 1.50760517e-01
      5.72749794e-01 1.32465318e-01 5.56820393e-01 1.25998750e-01
      5.50549328e-01 1.22221626e-01 5.49427450e-01 1.16276808e-01
      5.47733128e-01 1.04380652e-01 5.51837146e-01 9.18534175e-02
      5.52440047e-01 9.09765661e-02 5.56363225e-01 9.01201665e-02
      5.59137821e-01 9.00521129e-02 6.28074467e-01 9.49545130e-02
      6.96302056e-01 1.06043108e-01</contour2d>
    <histogram type_id="opencv-matrix">
      <rows>20</rows>
      <cols>1</cols>
      <dt>f</dt>
      <data>
        2.84900283e-03 0. 0. 0. 0. 0. 0. 0. 0. 2.67806262e-01 0. 0. 0.
        0. 0. 0. 0. 0. 1.78062677e-01 5.51282048e-01</data></histogram></_>
  <_><id>3</id>
    <height>1.1875760555267334e-01</height>
    <contour2d>
      7.05410123e-01 1.87838838e-01 5.86006820e-01 1.48713097e-01
      5.83100975e-01 1.47608176e-01 5.74624538e-01 1.43906265e-01
      5.69190800e-01 1.39020219e-01 5.52823067e-01 1.22305207e-01
      5.51459253e-01 1.20652720e-01 5.50647616e-01 1.19160160e-01
      5.52548945e-01 1.16140954e-01 5.83525181e-01 8.97988528e-02
      5.86345315e-01 8.86221826e-02 5.90183914e-01 8.79076570e-02
      5.96047997e-01 8.71716738e-02 6.19608760e-01 8.96552503e-02
      6.26280427e-01 9.06239972e-02 6.39925957e-01 9.29623768e-02
      6.52454019e-01 1.10511899e-01</contour2d>
    <histogram type_id="opencv-matrix">
      <rows>20</rows>
      <cols>1</cols>
      <dt>f</dt>
      <data>
        0. 0. 0. 0. 0. 0. 0. 0. 0. 1.95979893e-01 0. 0. 0. 0. 0. 0. 0.
        0. 2.35175878e-01 5.68844199e-01</data></histogram></_>
  <_><id>4</id>
    <height>1.2009823322296143e-01</height>
    <contour2d>
      7.07757294e-01 1.83411002e-01 6.86755896e-01 1.91992611e-01
      5.93646824e-01 1.60260394e-01 5.82647920e-01 1.56075597e-01
      5.63060641e-01 1.47476435e-01 5.61238527e-01 1.45882279e-01
      5.60917199e-01 1.45293593e-01 5.59913039e-01 1.06074303e-01
      5.60575366e-01 1.04602993e-01 5.63948989e-01 1.03544645e-01
      5.67695796e-01 1.02969408e-01 5.74441493e-01 1.02936730e-01
      5.77347755e-01 1.03184640e-01 6.21833563e-01 1.08459733e-01
      6.55877769e-01 1.13259345e-01 7.12637126e-01 1.26216307e-01
      7.19139159e-01 1.27882436e-01 7.19702721e-01 1.28205925e-01</contour2d>
    <histogram type_id="opencv-matrix">
      <rows>20</rows>
      <cols>1</cols>
      <dt>f</dt>
      <data>
        2.24719103e-03 0. 0. 0. 0. 0. 0. 0. 0. 2.44943827e-01 0. 0. 0.
        0. 0. 0. 0. 0. 1.44943818e-01 6.07865155e-01</data></histogram></_>
  <_><id>5</id>
    <height>1.2056767940521240e-01</height>
    <contour2d>
      7.34585702e-01 -3.54756951e-01 6.34473026e-01 -3.59898686e-01
      5.97057521e-01 -3.63881856e-01 5.67236960e-01 -3.67762983e-01
      5.56801438e-01 -3.69383603e-01 5.47172844e-01 -3.73096108e-01
      5.25639832e-01 -3.83356690e-01 5.24591029e-01 -3.84117603e-01
      5.23008347e-01 -3.85810316e-01 5.25070906e-01 -3.90070796e-01
      5.35996974e-01 -4.03184384e-01 5.41518152e-01 -4.09267902e-01
      5.53027332e-01 -4.16113853e-01 5.57455480e-01 -4.17221963e-01
      5.58174729e-01 -4.17161196e-01 5.60988545e-01 -4.16333288e-01
      7.22398818e-01 -3.59795719e-01</contour2d>
    <histogram type_id="opencv-matrix">
      <rows>20</rows>
      <cols>1</cols>
      <dt>f</dt>
      <data>
        9.82592344e-01 0. 0. 0. 0. 0. 0. 0. 0. 0. 0. 0. 0. 0. 0. 0. 0.
        0. 1.55257583e-02 1.88191014e-03</data></histogram></_>
  <_><id>6</id>
    <height>1.1808669567108154e-01</height>
    <contour2d>
      7.87579238e-01 1.82120293e-01 7.55662203e-01 2.04552114e-01
      7.38619208e-01 2.16322571e-01 7.35477269e-01 2.15630636e-01
      6.97644711e-01 2.02903420e-01 6.51229501e-01 1.86189160e-01
      6.21390760e-01 1.75102234e-01 6.12175643e-01 1.71519637e-01
      6.03026271e-01 1.67312488e-01 5.94692230e-01 1.63153470e-01
      5.89042485e-01 1.59521997e-01 5.72199762e-01 1.44373536e-01
      5.60670137e-01 1.32160023e-01 5.55760145e-01 1.23515539e-01
      5.56879163e-01 1.22056536e-01 5.60561121e-01 1.19476780e-01
      5.82470655e-01 1.06820248e-01 5.87324083e-01 1.05649605e-01
      5.96228659e-01 1.04918122e-01 6.11530483e-01 1.06384374e-01
      6.20853901e-01 1.07898034e-01 6.42236948e-01 1.12070918e-01</contour2d>
    <histogram type_id="opencv-matrix">
      <rows>20</rows>
      <cols>1</cols>
      <dt>f</dt>
      <data>
        1.54798757e-02 0. 0. 0. 0. 0. 0. 0. 0. 2.87925690e-01 0. 0. 0.
        0. 0. 0. 0. 0. 4.42724437e-01 2.53869951e-01</data></histogram></_>
  <_><id>7</id>
    <height>1.2013590335845947e-01</height>
    <contour2d>
      7.83918321e-01 2.02243134e-01 7.72867203e-01 2.10741952e-01
      7.56441593e-01 2.18909934e-01 6.75319135e-01 1.99503809e-01
      6.03493333e-01 1.73465982e-01 5.74684918e-01 1.62137449e-01
      5.63864291e-01 1.57347709e-01 5.60092747e-01 1.54975742e-01
      5.58920205e-01 1.54074878e-01 5.56694031e-01 1.47115976e-01
      5.56519628e-01 1.45455897e-01 5.58659971e-01 1.26762003e-01
      5.60666263e-01 1.23039171e-01 5.62075436e-01 1.20763615e-01
      5.62755644e-01 1.20028853e-01 5.66328168e-01 1.20066077e-01
      5.73335052e-01 1.20954439e-01 5.86811781e-01 1.23423576e-01
      6.44711137e-01 1.34620219e-01 7.20101058e-01 1.49570346e-01
      7.46269703e-01 1.56443492e-01 7.86310017e-01 1.81790993e-01
      7.87513971e-01 1.84420869e-01</contour2d>
    <histogram type_id="opencv-matrix">
      <rows>20</rows>
      <cols>1</cols>
      <dt>f</dt>
      <data>
        4.64037107e-03 0. 0. 0. 0. 0. 0. 0. 0. 2.55220413e-01 0. 0. 0.
        0. 0. 0. 0. 0. 4.12993014e-01 3.27146173e-01</data></histogram></_>
  <_><id>8</id>
    <height>1.1771738529205322e-01</height>
    <contour2d>
      7.91911542e-01 1.94286183e-01 7.84951270e-01 1.99910998e-01
