<?xml version="1.0"?>
<opencv_storage>
<obj>
  <_><id>1</id>
    <height>1.1647397279739380e-01</height>
    <contour2d>
      5.74798584e-01 -7.34051317e-03 5.73529005e-01 -3.30893928e-03
      5.72474003e-01 -1.97817991e-03 5.71223736e-01 -6.38330472e-04
      5.63937187e-01 4.64292150e-03 5.45070410e-01 1.24531882e-02
      5.37395000e-01 1.49549693e-02 5.36368608e-01 1.49486670e-02
      5.33351243e-01 1.29814064e-02 5.26991367e-01 7.11926399e-03
      5.15334487e-01 -8.73563718e-03 5.03542781e-01 -2.52075586e-02
      5.03551126e-01 -2.65482701e-02 5.04089475e-01 -2.79255286e-02
      5.06216109e-01 -3.19398679e-02 5.08343637e-01 -3.33628990e-02
      5.31475902e-01 -4.52686213e-02 5.36308765e-01 -4.67443690e-02
      5.38364232e-01 -4.67317477e-02 5.48796535e-01 -4.41666506e-02
      5.63343525e-01 -3.65428999e-02 5.69334090e-01 -3.26607935e-02
      5.71389079e-01 -2.73130201e-02 5.74848413e-01 -1.53846303e-02</contour2d>
    <histogram type_id="opencv-matrix">
      <rows>20</rows>
      <cols>1</cols>
      <dt>f</dt>
      <data>
        1.85553357e-02 2.53810495e-01 4.05566633e-01 2.18687877e-02
        1.32538110e-03 0. 0. 0. 0. 2.65076221e-03 5.96421491e-03
        1.19284298e-02 1.06030488e-02 1.32538108e-02 6.62690541e-03
        7.95228686e-03 9.94035788e-03 7.28959590e-03 0. 2.22664028e-01</data></histogram></_>
  <_><id>2</id>
    <height>1.1000996828079224e-01</height>
    <contour2d>
      5.73848844e-01 -2.34351400e-02 5.73545575e-01 -5.98336523e-03
      5.72490573e-01 -4.65255463e-03 5.63096523e-01 3.31283547e-03
      5.56474686e-01 8.55831616e-03 5.47131240e-01 1.37874512e-02
      5.42238593e-01 1.63483005e-02 5.38993239e-01 1.76064055e-02
      5.35910130e-01 1.75874736e-02 5.31228721e-01 1.62283201e-02
      5.29184103e-01 1.49045512e-02 5.14514744e-01 3.81034683e-04
      5.12965560e-01 -1.79752130e-02 5.15431643e-01 -2.48799026e-02
      5.24041533e-01 -4.03694026e-02 5.25356531e-01 -4.15629409e-02
      5.33515096e-01 -4.39483337e-02 5.39065480e-01 -4.38518263e-02
      5.59873044e-01 -3.89994383e-02 5.70361614e-01 -2.99869087e-02
      5.72623134e-01 -2.60479078e-02</contour2d>
    <histogram type_id="opencv-matrix">
      <rows>20</rows>
      <cols>1</cols>
      <dt>f</dt>
      <data>
        2.04714630e-02 2.70471454e-01 3.70967746e-01 1.48883369e-02
        2.48138956e-03 6.20347389e-04 0. 0. 6.20347389e-04
        6.20347389e-04 1.24069478e-03 4.34243167e-03 1.61290318e-02
        6.82382146e-03 6.82382146e-03 4.34243167e-03 8.06451589e-03
        4.96277912e-03 0. 2.66129017e-01</data></histogram></_>
  <_><id>3</id>
    <height>1.1112219095230103e-01</height>
    <contour2d>
      5.71601272e-01 -3.00659481e-02 5.74890018e-01 -2.20880341e-02
      5.74881673e-01 -2.07473207e-02 5.72284341e-01 -3.29939835e-03
      5.59771895e-01 7.26753240e-03 5.52751601e-01 1.11682098e-02
      5.39001405e-01 1.62935052e-02 5.26153088e-01 1.73739996e-02
      5.25144339e-01 1.60687473e-02 5.15079737e-01 -5.10836625e-03
      5.16103148e-01 -1.97675359e-02 5.18119931e-01 -3.75041962e-02
      5.23715138e-01 -4.13341261e-02 5.31909585e-01 -4.38957661e-02
      5.35843611e-01 -4.37467508e-02 5.49636602e-01 -4.14107814e-02
      5.57007372e-01 -3.88505869e-02 5.59864879e-01 -3.76778282e-02
      5.66638470e-01 -3.39625813e-02</contour2d>
    <histogram type_id="opencv-matrix">
      <rows>20</rows>
      <cols>1</cols>
      <dt>f</dt>
      <data>
        1.90476179e-02 2.93333322e-01 4.07619029e-01 1.90476179e-02
        1.26984122e-03 0. 0. 6.34920609e-04 6.34920609e-04
        1.90476188e-03 3.17460299e-03 6.34920597e-03 6.98412675e-03
        6.98412675e-03 7.61904754e-03 5.07936487e-03 1.14285713e-02
        8.88888817e-03 6.34920609e-04 1.99365065e-01</data></histogram></_>
  <_><id>4</id>
    <height>1.1320781707763672e-01</height>
    <contour2d>
      5.68116486e-01 -4.65875585e-03 5.66440344e-01 -1.99466245e-03
      5.58991432e-01 4.60706698e-03 5.41942298e-01 1.63988564e-02
      5.38838744e-01 1.63797997e-02 5.27456224e-01 1.48467747e-02
      5.17187655e-01 4.35220264e-03 5.15143156e-01 3.74748954e-04
      5.12592554e-01 -2.20098868e-02 5.12616992e-01 -2.59589814e-02
      5.13663769e-01 -2.85853986e-02 5.19844711e-01 -4.10631113e-02
      5.21439195e-01 -4.24113050e-02 5.23608863e-01 -4.38218750e-02
      5.28850794e-01 -4.52205725e-02 5.41591644e-01 -4.55273353e-02
      5.61096549e-01 -3.91028933e-02 5.65398693e-01 -3.25445645e-02
      5.66605449e-01 -2.86346171e-02 5.68567038e-01 -8.64184741e-03
      5.68558753e-01 -7.30981864e-03</contour2d>
    <histogram type_id="opencv-matrix">
      <rows>20</rows>
      <cols>1</cols>
      <dt>f</dt>
      <data>
        2.76527330e-02 2.54662365e-01 4.57234710e-01 7.07395468e-03
        6.43086794e-04 0. 0. 6.43086794e-04 6.43086794e-04
        6.43086794e-04 3.21543403e-03 9.00321547e-03 7.71704130e-03
        7.07395468e-03 7.07395468e-03 3.21543403e-03 6.43086806e-03
        1.02893887e-02 0. 1.96784556e-01</data></histogram></_>
  <_><id>5</id>
    <height>1.1315846443176270e-01</height>
    <contour2d>
      5.67673087e-01 -3.26219760e-02 5.71576536e-01 -2.60520987e-02
      5.71535051e-01 -1.93660595e-02 5.62040091e-01 5.96570596e-03
      5.45494914e-01 1.50854429e-02 5.32843173e-01 1.49448160e-02
      5.28740406e-01 1.36066573e-02 5.22423208e-01 8.36533494e-03
      5.12921572e-01 -1.44221308e-02 5.16640007e-01 -3.44936624e-02
      5.17676890e-01 -3.83688025e-02 5.22448182e-01 -4.11040522e-02
      5.30754030e-01 -4.50784899e-02 5.39665222e-01 -4.52162363e-02
      5.45542181e-01 -4.40596454e-02 5.63343644e-01 -3.65406983e-02</contour2d>
    <histogram type_id="opencv-matrix">
      <rows>20</rows>
      <cols>1</cols>
      <dt>f</dt>
      <data>
        2.33463030e-02 2.53566802e-01 4.66926068e-01 1.81582365e-02
        6.48508430e-04 0. 0. 0. 1.29701686e-03 2.59403372e-03
        4.53955913e-03 9.07911826e-03 7.78210117e-03 5.83657576e-03
        1.94552529e-03 9.72762611e-03 1.23216603e-02 8.43060948e-03 0.
        1.73800260e-01</data></histogram></_>
  <_><id>6</id>
    <height>1.1327135562896729e-01</height>
    <contour2d>
      5.70210993e-01 -3.82473506e-03 5.69156647e-01 -2.49904767e-03
      5.53424597e-01 9.29993764e-03 5.39403856e-01 1.83638558e-02
      5.38377523e-01 1.83559787e-02 5.32229543e-01 1.69975664e-02
      5.28708875e-01 1.56750400e-02 5.23116708e-01 1.04855951e-02
      5.16186774e-01 -2.02145224e-04 5.15642643e-01 -1.52113894e-03
      5.14640152e-01 -5.48853911e-03 5.12476027e-01 -1.90868266e-02
      5.12683749e-01 -3.94444093e-02 5.33008695e-01 -4.44313921e-02
      5.36075473e-01 -4.44078557e-02 5.58096766e-01 -3.80416922e-02
      5.64414740e-01 -2.88648121e-02 5.71337521e-01 -1.44865252e-02
      5.70644379e-01 -5.14317257e-03</contour2d>
    <histogram type_id="opencv-matrix">
      <rows>20</rows>
      <cols>1</cols>
      <dt>f</dt>
      <data>
        1.39296185e-02 2.29472145e-01 4.06891495e-01 1.75953079e-02
        2.19941349e-03 0. 0. 0. 0. 1.46627566e-03 5.13196457e-03
        6.59824070e-03 9.53079201e-03 8.06451589e-03 5.86510263e-03
        1.09970672e-02 5.86510263e-03 2.19941349e-03 0. 2.74193555e-01</data></histogram></_>
  <_><id>7</id>
    <height>1.1324173212051392e-01</height>
    <contour2d>
      5.69391966e-01 -3.81289539e-03 5.68139791e-01 -2.47672363e-03
      5.61875582e-01 2.77583324e-03 5.49477041e-01 1.05877714e-02
      5.35319149e-01 1.56980082e-02 5.33266425e-01 1.56823043e-02
      5.23404598e-01 7.72361131e-03 5.00374675e-01 -1.90437399e-02
      5.00863314e-01 -2.15430800e-02 5.19799471e-01 -4.28013802e-02
      5.36378801e-01 -4.59871925e-02 5.37406564e-01 -4.59793285e-02
      5.53211689e-01 -4.18588445e-02 5.59931397e-01 -3.82066853e-02
      5.66497445e-01 -3.30640115e-02 5.69776118e-01 -2.78077796e-02
      5.70365131e-01 -2.38434263e-02</contour2d>
    <histogram type_id="opencv-matrix">
      <rows>20</rows>
      <cols>1</cols>
      <dt>f</dt>
      <data>
