<?xml version="1.0"?>
<opencv_storage>
<obj>
  <_><id>1</id>
    <height>6.6293954849243164e-02</height>
    <contour2d>
      4.57881182e-01 1.39414594e-01 4.19591486e-01 1.41597658e-01
      4.04028744e-01 1.36443704e-01 4.00646001e-01 1.34280518e-01
      3.99929732e-01 1.33317187e-01 3.94498646e-01 4.26940154e-03
      3.94498646e-01 2.29655998e-03 3.98230016e-01 -9.20096505e-03
      3.99009675e-01 -1.03498558e-02 4.02471244e-01 -1.15389125e-02
      4.03355032e-01 -1.16581796e-02 4.21227783e-01 -1.23684397e-02
      4.24088359e-01 -1.23919994e-02 4.51452076e-01 -1.07842367e-02
      4.55885231e-01 1.04020331e-02 4.60161626e-01 1.29183978e-01
      4.58725274e-01 1.36900619e-01</contour2d>
    <histogram type_id="opencv-matrix">
      <rows>20</rows>
      <cols>1</cols>
      <dt>f</dt>
      <data>
        5.15952229e-01 4.90311235e-02 5.87199058e-04 0. 0. 0. 0. 0. 0.
        0. 0. 1.95733024e-04 3.91466048e-04 1.95733015e-03
        4.69759246e-03 9.39518493e-03 4.59972620e-02 3.71599138e-01 0.
        1.95733024e-04</data></histogram></_>
  <_><id>2</id>
    <height>6.7725658416748047e-02</height>
    <contour2d>
      5.22899389e-01 9.23491642e-02 5.14328957e-01 1.05245002e-01
      4.01630193e-01 1.07278004e-01 3.69850785e-01 1.04507037e-01
      3.69104117e-01 1.03781000e-01 3.67730916e-01 1.01010248e-01
      3.65360290e-01 8.52539837e-02 3.63943785e-01 6.98587820e-02
      3.65120023e-01 5.09280041e-02 3.68213177e-01 4.11669314e-02
      3.81569326e-01 4.07139622e-02 4.52129662e-01 4.27484103e-02
      4.82804447e-01 4.39845435e-02 5.08830369e-01 4.65967618e-02
      5.12760162e-01 4.78256419e-02 5.22899389e-01 9.12533104e-02</contour2d>
    <histogram type_id="opencv-matrix">
      <rows>20</rows>
      <cols>1</cols>
      <dt>f</dt>
      <data>
        4.58998263e-01 2.97045354e-02 6.32011390e-04 0. 0. 0. 0. 0. 0.
        1.58002847e-04 0. 0. 3.16005695e-04 2.37004273e-03
        5.21409418e-03 1.92763470e-02 8.84815976e-02 3.77784818e-01 0.
        1.70643069e-02</data></histogram></_>
  <_><id>3</id>
    <height>6.8421125411987305e-02</height>
    <contour2d>
      4.56533968e-01 1.50657937e-01 4.46120948e-01 1.51912585e-01
      4.38139439e-01 1.52614608e-01 4.35905427e-01 1.52616218e-01
      4.15436000e-01 1.51313022e-01 4.01170552e-01 1.49543419e-01
      4.00717258e-01 1.49195895e-01 4.00379986e-01 1.47870928e-01
      3.98681194e-01 1.19174935e-01 3.94888967e-01 4.27321605e-02
      3.94524872e-01 3.04636676e-02 3.94524843e-01 1.58756711e-02
      3.95247549e-01 1.28715648e-03 3.97415727e-01 3.13065102e-04
      4.44912225e-01 2.95027770e-04 4.49309170e-01 1.29607087e-03
      4.50798512e-01 3.29910452e-03 4.53666091e-01 9.37618222e-03
      4.55852419e-01 6.71191663e-02 4.58007097e-01 1.35649651e-01
      4.58007127e-01 1.49897292e-01</contour2d>
    <histogram type_id="opencv-matrix">
      <rows>20</rows>
      <cols>1</cols>
      <dt>f</dt>
      <data>
        4.87820297e-01 3.50100175e-02 1.15997042e-03 0. 0. 0. 0. 0. 0.
        0. 0. 0. 6.32711162e-04 1.58177782e-03 3.69081507e-03
        1.40250968e-02 7.31835887e-02 3.77412200e-01 0. 5.48349647e-03</data></histogram></_>
  <_><id>4</id>
    <height>6.4091444015502930e-02</height>
    <contour2d>
      5.38087428e-01 1.05886944e-01 5.34875214e-01 1.11097105e-01
      5.32494187e-01 1.12958394e-01 5.27706861e-01 1.15725115e-01
      5.24528205e-01 1.16456397e-01 5.20590067e-01 1.16994388e-01
      3.84173751e-01 1.13222182e-01 3.83485854e-01 1.12297036e-01
      3.81003648e-01 1.02714010e-01 3.80428135e-01 9.57812592e-02
      3.80592704e-01 6.35975003e-02 3.80900830e-01 5.46884425e-02
      3.82772088e-01 5.34089245e-02 3.86203021e-01 5.31539917e-02
      4.21334565e-01 5.26230037e-02 4.73718256e-01 5.39368168e-02
      5.24528086e-01 5.61854057e-02 5.27747393e-01 5.84678650e-02
      5.30157566e-01 6.07578754e-02 5.30974507e-01 6.18566014e-02
      5.34875095e-01 7.34253451e-02 5.39652765e-01 9.06087607e-02
      5.40387094e-01 9.53653604e-02</contour2d>
    <histogram type_id="opencv-matrix">
      <rows>20</rows>
      <cols>1</cols>
      <dt>f</dt>
      <data>
        3.60991538e-01 1.54371373e-02 0. 0. 0. 0. 0. 0. 0. 0.
        1.48434017e-04 0. 1.48434017e-04 5.93736069e-04 2.22651032e-03
        9.64821130e-03 7.09514618e-02 5.39854527e-01 0. 0.</data></histogram></_>
  <_><id>5</id>
    <height>1.4454281330108643e-01</height>
    <contour2d>
      4.45389807e-01 9.75784808e-02 4.36035812e-01 1.01798899e-01
      3.94728035e-01 1.09439127e-01 3.94073725e-01 1.09439597e-01
      3.92130822e-01 1.05545521e-01 3.91591936e-01 1.04060404e-01
      3.85188520e-01 3.33659686e-02 3.85188520e-01 2.82705911e-02
      3.88328642e-01 2.80068740e-02 4.23518449e-01 2.84134317e-02
      4.42243338e-01 2.97475029e-02 4.43695843e-01 3.24932076e-02
      4.45027769e-01 4.05573249e-02 4.49770540e-01 8.27300698e-02
      4.49770540e-01 8.45431387e-02</contour2d>
    <histogram type_id="opencv-matrix">
      <rows>20</rows>
      <cols>1</cols>
      <dt>f</dt>
      <data>
        4.48861152e-01 2.57336851e-02 1.09505039e-04 0. 0. 0. 0. 0. 0.
        0. 0. 1.86158565e-03 2.29960587e-03 1.20455539e-03
        7.11782742e-03 1.90538764e-02 1.11476131e-01 3.82282078e-01 0.
        0.</data></histogram></_>
  <_><id>6</id>
    <height>1.4310467243194580e-01</height>
    <contour2d>
      4.55409139e-01 1.01244494e-01 4.54056591e-01 1.02155484e-01
      4.47749525e-01 1.03581928e-01 3.94406706e-01 1.03839770e-01
      3.85819793e-01 1.02153130e-01 3.85188699e-01 1.01304352e-01
      3.83739054e-01 8.35974216e-02 3.81061077e-01 4.67243046e-02
      3.81792754e-01 4.40969951e-02 3.89901578e-01 4.17586416e-02
      4.41994339e-01 3.76491249e-02 4.53935802e-01 4.47385646e-02
      4.58917439e-01 5.03778271e-02 4.59720790e-01 5.41277789e-02
      4.61204350e-01 9.08391625e-02</contour2d>
    <histogram type_id="opencv-matrix">
      <rows>20</rows>
      <cols>1</cols>
      <dt>f</dt>
      <data>
        3.74903530e-01 9.26068798e-03 0. 0. 0. 0. 0. 0. 0. 0. 0.
        1.54344807e-03 4.01296467e-03 9.10634361e-03 1.14215156e-02
        3.53449583e-02 1.85368106e-01 3.67958009e-01 0. 1.08041358e-03</data></histogram></_>
  <_><id>7</id>
    <height>1.4209830760955811e-01</height>
    <contour2d>
      4.56207335e-01 1.08731754e-01 4.45271790e-01 1.12683035e-01
      4.03484583e-01 1.18285425e-01 3.99132669e-01 1.12223729e-01
      3.98215771e-01 8.15777108e-02 3.97915721e-01 5.64017445e-02
      3.98402691e-01 3.54885869e-02 4.00124431e-01 3.53428088e-02
      4.49210912e-01 3.56591903e-02 4.52819347e-01 3.67059559e-02
      4.54732716e-01 4.11841124e-02</contour2d>
    <histogram type_id="opencv-matrix">
      <rows>20</rows>
      <cols>1</cols>
      <dt>f</dt>
      <data>
        4.44057614e-01 2.68907566e-02 1.20048018e-04 0. 0. 0. 0. 0. 0.
        0. 0. 1.68067229e-03 3.24129639e-03 7.92316906e-03
        1.14045618e-02 2.92917173e-02 1.52581036e-01 3.22448969e-01 0.
        3.60144069e-04</data></histogram></_>
  <_><id>8</id>
    <height>1.4200758934020996e-01</height>
    <contour2d>
      4.67973918e-01 6.49060234e-02 4.68783736e-01 6.96562827e-02
      4.68783766e-01 7.15075806e-02 4.68095869e-01 7.33593404e-02
      4.66600746e-01 7.59938955e-02 4.24062699e-01 1.24140479e-01
      4.23409671e-01 1.24140948e-01 4.04807150e-01 1.14452466e-01
      3.81880611e-01 8.52659643e-02 3.83635193e-01 8.09271783e-02
      3.98255378e-01 6.37645423e-02 4.27885622e-01 3.12991664e-02
      4.30523604e-01 3.12972739e-02 4.40969467e-01 3.19567136e-02</contour2d>
    <histogram type_id="opencv-matrix">
      <rows>20</rows>
      <cols>1</cols>
      <dt>f</dt>
      <data>
        4.10306752e-01 2.24539880e-02 3.68098175e-04 0. 0. 0. 0. 0. 0.
        0. 0. 1.22699392e-04 3.92638054e-03 6.13496965e-03
        9.57055297e-03 2.79754605e-02 1.47607371e-01 3.71533751e-01 0.
        0.</data></histogram></_>
  <_><id>9</id>
    <height>1.4134478569030762e-01</height>
    <contour2d>
