<?xml version="1.0"?>
<opencv_storage>
<obj>
  <_><id>1</id>
    <height>1.4381229877471924e-02</height>
    <contour2d>
      6.17981732e-01 1.04072783e-02 5.90879977e-01 1.30695608e-02
      5.74660182e-01 1.44009925e-02 5.26984453e-01 1.37758311e-02
      5.06949902e-01 1.06883310e-02 5.03740788e-01 9.24927834e-03
      4.97361600e-01 4.99592163e-03 4.94198024e-01 7.95765896e-04
      4.94204521e-01 -5.97057748e-04 4.95307773e-01 -3.37763014e-03
      4.97420192e-01 -7.57048465e-03 5.39275229e-01 -1.19984522e-02
      6.06815457e-01 -1.23438202e-02 6.13915265e-01 -1.08986665e-02
      6.16273940e-01 -6.36003492e-03</contour2d>
    <histogram type_id="opencv-matrix">
      <rows>20</rows>
      <cols>1</cols>
      <dt>f</dt>
      <data>
        8.36842060e-01 2.63157878e-02 0. 0. 0. 0. 0. 0. 0. 0. 0. 0. 0.
        0. 0. 2.10526306e-03 1.36842094e-02 8.73684138e-02 0.
        3.36842090e-02</data></histogram></_>
  <_><id>2</id>
    <height>2.3799896240234375e-02</height>
    <contour2d>
      5.88818192e-01 -4.50529195e-02 5.89985967e-01 -4.34499420e-02
      5.91128826e-01 -3.89848836e-02 5.91108263e-01 -3.44385281e-02
      5.89924216e-01 -2.99183708e-02 5.85236073e-01 -1.81027316e-02
      5.84070921e-01 -1.66284088e-02 5.31313598e-01 3.24497037e-02
      5.18221796e-01 4.05161791e-02 5.15481889e-01 4.18702215e-02
      5.05691350e-01 4.44436856e-02 5.03577173e-01 4.43295613e-02
      5.00398934e-01 3.86114754e-02 5.00431597e-01 3.16127799e-02
      5.09026527e-01 2.05902215e-02 5.61817050e-01 -3.25496830e-02
      5.81854165e-01 -4.64606136e-02 5.85345149e-01 -4.64445315e-02</contour2d>
    <histogram type_id="opencv-matrix">
      <rows>20</rows>
      <cols>1</cols>
      <dt>f</dt>
      <data>
        9.08362985e-01 4.53736633e-02 0. 0. 0. 0. 0. 0. 0. 0. 0. 0. 0.
        0. 0. 0. 3.55871883e-03 3.38078290e-02 0. 8.89679696e-03</data></histogram></_>
  <_><id>3</id>
    <height>1.7791330814361572e-02</height>
    <contour2d>
      5.48399448e-01 -5.34619205e-02 5.56420326e-01 -4.71126251e-02
      5.57499707e-01 -4.44554240e-02 5.57472825e-01 -4.01155837e-02
      5.52392244e-01 3.66869010e-02 5.45549750e-01 6.38254359e-02
      5.42115986e-01 7.10203350e-02 5.38700163e-01 7.53289312e-02
      5.37570477e-01 7.53219947e-02 5.34258723e-01 7.36880824e-02
      5.32099903e-01 6.91957101e-02 5.32117724e-01 6.63233027e-02
      5.37065864e-01 -1.55575396e-02 5.46152472e-01 -4.89899591e-02</contour2d>
    <histogram type_id="opencv-matrix">
      <rows>20</rows>
      <cols>1</cols>
      <dt>f</dt>
      <data>
        9.30769205e-01 2.50000004e-02 0. 0. 0. 0. 0. 0. 0. 0. 0. 0. 0.
        0. 0. 0. 7.69230770e-03 3.17307711e-02 0. 4.80769249e-03</data></histogram></_>
  <_><id>4</id>
    <height>2.1770775318145752e-02</height>
    <contour2d>
      5.93478501e-01 6.73971623e-02 5.85940540e-01 6.10005073e-02
      5.33684671e-01 -7.68094882e-03 5.29362023e-01 -1.62283257e-02
      5.28256595e-01 -1.90920122e-02 5.23920298e-01 -3.33182588e-02
      5.23960233e-01 -4.18729633e-02 5.26266992e-01 -4.45995443e-02
      5.28500319e-01 -4.60116379e-02 5.36280632e-01 -4.31310944e-02
      5.50635397e-01 -2.62739640e-02 5.80399334e-01 1.59699768e-02
      5.94192147e-01 5.05593754e-02 5.95910788e-01 5.52409738e-02
      5.95863819e-01 6.13853261e-02 5.94664097e-01 6.58969358e-02</contour2d>
    <histogram type_id="opencv-matrix">
      <rows>20</rows>
      <cols>1</cols>
      <dt>f</dt>
      <data>
        8.82882893e-01 4.40440439e-02 0. 0. 0. 0. 0. 0. 0. 0. 0. 0. 0.
        0. 0. 0. 9.00900923e-03 5.60560562e-02 0. 8.00800789e-03</data></histogram></_>
  <_><id>5</id>
    <height>2.0010590553283691e-02</height>
    <contour2d>
      6.33495867e-01 3.38905342e-02 6.30468071e-01 3.53195034e-02
      6.29256785e-01 3.53139229e-02 5.40254414e-01 8.17609672e-03
      5.21723807e-01 2.31654127e-03 5.15102565e-01 -3.37557145e-03
      5.16289711e-01 -2.03548409e-02 5.18525362e-01 -2.45907810e-02
      5.23537695e-01 -2.45347898e-02 5.33954442e-01 -2.18066368e-02
      5.74269474e-01 -9.17866267e-03 5.82850218e-01 -6.29708590e-03
      6.12657845e-01 4.25683241e-03 6.30566180e-01 1.51479766e-02
      6.31764829e-01 1.66939422e-02 6.34156346e-01 2.29120497e-02
      6.35341942e-01 2.91524176e-02</contour2d>
    <histogram type_id="opencv-matrix">
      <rows>20</rows>
      <cols>1</cols>
      <dt>f</dt>
      <data>
        8.41813147e-01 6.56799227e-02 2.77520809e-03 0. 0. 0. 0. 0. 0.
        0. 0. 0. 0. 0. 0. 5.55041619e-03 2.03515273e-02 4.81036082e-02
        0. 1.57261789e-02</data></histogram></_>
  <_><id>6</id>
    <height>1.8663287162780762e-02</height>
    <contour2d>
      6.35544896e-01 -1.56793837e-02 6.36710227e-01 -6.41050236e-03
      6.36695802e-01 -3.32279014e-03 6.34264350e-01 -2.46151496e-04
      6.31840110e-01 1.28663075e-03 6.28207266e-01 2.81378743e-03
      5.46965241e-01 2.26388592e-02 5.25812387e-01 2.52047833e-02
      5.23647726e-01 2.51390561e-02 5.18243909e-01 2.07460206e-02
      5.17139912e-01 1.93220861e-02 5.16118109e-01 1.64447073e-02
      5.15036583e-01 1.07781347e-02 5.20474613e-01 3.73350480e-03
      5.28231740e-01 -5.04580908e-04 5.46051383e-01 -7.62398727e-03
      6.12152398e-01 -1.86085273e-02 6.31933689e-01 -1.87838543e-02</contour2d>
    <histogram type_id="opencv-matrix">
      <rows>20</rows>
      <cols>1</cols>
      <dt>f</dt>
      <data>
        8.73212576e-01 4.38512862e-02 0. 0. 0. 0. 0. 0. 0. 0. 0. 0. 0.
        0. 0. 9.53288865e-04 7.62631092e-03 6.86367974e-02 0.
        5.71973342e-03</data></histogram></_>
  <_><id>7</id>
    <height>1.7672836780548096e-02</height>
    <contour2d>
      5.93499005e-01 -4.96229641e-02 5.93450248e-01 -3.91683280e-02
      5.89901209e-01 -2.71670092e-02 5.49135923e-01 4.85148802e-02
      5.42327166e-01 5.85614815e-02 5.37732601e-01 6.44486994e-02
      5.28936923e-01 6.10940643e-02 5.25659084e-01 5.80777787e-02
      5.23528039e-01 5.08032218e-02 5.23548007e-01 4.65258695e-02
      5.31320274e-01 3.10169645e-02 5.50348580e-01 -1.91040162e-03
      5.74861884e-01 -3.59964669e-02 5.85308313e-01 -4.81671616e-02
      5.87628901e-01 -4.97713834e-02</contour2d>
    <histogram type_id="opencv-matrix">
      <rows>20</rows>
      <cols>1</cols>
      <dt>f</dt>
      <data>
        9.04207706e-01 3.67054604e-02 0. 0. 0. 0. 0. 0. 0. 0. 0. 0. 0.
        0. 0. 8.95255129e-04 6.26678579e-03 4.92390320e-02 0.
        2.68576527e-03</data></histogram></_>
  <_><id>8</id>
    <height>2.0978629589080811e-02</height>
    <contour2d>
      5.77765107e-01 6.71861321e-02 5.73121309e-01 6.71576113e-02
      5.64066589e-01 5.48716374e-02 5.61301529e-01 4.73344773e-02
      5.51557899e-01 -2.00646669e-02 5.52851915e-01 -4.48272750e-02
      5.53972125e-01 -4.93165180e-02 5.57402492e-01 -5.67405075e-02
      5.59721708e-01 -6.11184128e-02 5.64305663e-01 -6.10902719e-02
      5.65442562e-01 -5.96192218e-02 5.82676053e-01 1.68523733e-02
      5.84872127e-01 4.21068743e-02 5.84862947e-01 4.35934402e-02
      5.82415819e-01 6.29043952e-02 5.81266284e-01 6.42413571e-02</contour2d>
    <histogram type_id="opencv-matrix">
      <rows>20</rows>
      <cols>1</cols>
      <dt>f</dt>
      <data>
        9.40227687e-01 2.08728649e-02 1.89753319e-03 0. 0. 0. 0. 0. 0.
        0. 0. 0. 0. 0. 0. 0. 5.69259934e-03 2.56166980e-02 0.
        5.69259934e-03</data></histogram></_>
  <_><id>9</id>
    <height>2.1363914012908936e-02</height>
    <contour2d>
      6.00459814e-01 6.10332452e-02 5.99275708e-01 6.10259734e-02
      5.95762968e-01 5.93630634e-02 5.80149412e-01 4.81287166e-02
      5.76708078e-01 4.50299606e-02 5.60271025e-01 2.82505155e-02
      5.23838282e-01 -1.11813974e-02 5.17373443e-01 -2.25030500e-02
      5.15256226e-01 -2.66999323e-02 5.15300095e-01 -3.37767117e-02
      5.18598378e-01 -4.09410037e-02 5.19717813e-01 -4.23530452e-02
      5.26308417e-01 -3.95788141e-02 5.87322831e-01 2.41849143e-02
      6.06460452e-01 4.88643944e-02 6.06451154e-01 5.03735356e-02
