<?xml version="1.0"?>
<opencv_storage>
<obj>
  <_><id>1</id>
    <height>1.7906546592712402e-02</height>
    <contour2d>
      6.63960814e-01 -2.82342583e-02 6.59565926e-01 -2.63516605e-02
      6.50821090e-01 -2.44064964e-02 6.45876467e-01 -2.43098456e-02
      6.32923663e-01 -2.93895192e-02 6.28635883e-01 -3.28229181e-02
      6.18456781e-01 -4.29154895e-02 5.96671343e-01 -1.04348198e-01
      5.93742728e-01 -1.16042234e-01 5.95436633e-01 -1.23278677e-01
      5.99607229e-01 -1.27106220e-01 6.07993364e-01 -1.31350413e-01
      6.16439223e-01 -1.33889347e-01 6.68370605e-01 -3.55561599e-02
      6.66549623e-01 -3.18450630e-02</contour2d>
    <histogram type_id="opencv-matrix">
      <rows>20</rows>
      <cols>1</cols>
      <dt>f</dt>
      <data>
        1.88760802e-01 1.54178664e-01 1.12391926e-01 8.78962502e-02
        2.73775216e-02 1.15273772e-02 1.29682990e-02 8.64553265e-03
        5.76368859e-03 2.88184430e-03 7.20461085e-03 4.32276633e-03
        1.87319871e-02 4.75504324e-02 4.61095087e-02 4.03458215e-02
        6.19596541e-02 1.03746392e-01 0. 5.76368868e-02</data></histogram></_>
  <_><id>2</id>
    <height>2.5810062885284424e-02</height>
    <contour2d>
      6.88090622e-01 -5.61625436e-02 6.85461998e-01 -5.24962060e-02
      6.75929487e-01 -4.12238352e-02 6.63960814e-01 -3.90606746e-02
      6.53387427e-01 -4.05073389e-02 6.24363005e-01 -5.55489399e-02
      5.81900239e-01 -8.78662765e-02 5.80679357e-01 -8.95672441e-02
      5.77794373e-01 -9.43823606e-02 5.76577246e-01 -9.77748707e-02
      5.80679297e-01 -1.08288549e-01 5.87140322e-01 -1.17396824e-01
      5.91281056e-01 -1.17756195e-01 6.83614731e-01 -6.33088127e-02</contour2d>
    <histogram type_id="opencv-matrix">
      <rows>20</rows>
      <cols>1</cols>
      <dt>f</dt>
      <data>
        1.47200003e-01 1.82399988e-01 1.64800003e-01 1.16799995e-01
        2.71999985e-02 9.59999952e-03 4.79999976e-03 6.39999984e-03
        6.39999984e-03 1.59999996e-03 6.39999984e-03 4.79999976e-03
        2.40000002e-02 3.19999978e-02 2.08000001e-02 3.51999998e-02
        5.27999997e-02 7.99999982e-02 0. 7.67999962e-02</data></histogram></_>
  <_><id>3</id>
    <height>2.1725177764892578e-02</height>
    <contour2d>
      6.86776221e-01 -9.83017832e-02 6.88090563e-01 -8.91418904e-02
      6.85461879e-01 -8.36432576e-02 6.70966804e-01 -6.63214847e-02
      6.68370545e-01 -6.45098314e-02 6.32425606e-01 -5.92405424e-02
      5.77794492e-01 -5.19642867e-02 5.72490215e-01 -5.18019944e-02
      5.70177376e-01 -5.33828214e-02 5.71388245e-01 -7.53282607e-02
      5.72490156e-01 -8.22492838e-02 6.02084041e-01 -8.91306847e-02
      6.80993438e-01 -1.05327152e-01</contour2d>
    <histogram type_id="opencv-matrix">
      <rows>20</rows>
      <cols>1</cols>
      <dt>f</dt>
      <data>
        1.37880981e-01 2.59796798e-01 7.98258334e-02 4.49927412e-02
        1.45137878e-02 1.45137880e-03 4.35413653e-03 0. 4.35413653e-03
        0. 2.90275761e-03 0. 1.01596517e-02 2.46734396e-02
        2.90275756e-02 4.35413644e-02 3.62844691e-02 5.80551513e-02 0.
        2.48185769e-01</data></histogram></_>
  <_><id>4</id>
    <height>2.3981571197509766e-02</height>
    <contour2d>
      6.52104020e-01 -1.19212084e-01 6.60856366e-01 -1.10914424e-01
      6.62147045e-01 -1.07317038e-01 6.62147045e-01 -1.05517879e-01
      6.59565747e-01 -9.83191058e-02 6.11731052e-01 -1.67333670e-02
      6.10485256e-01 -1.49957612e-02 6.09239459e-01 -1.49947973e-02
      6.05035186e-01 -1.66794043e-02 5.92512131e-01 -2.51025092e-02
      5.83121240e-01 -3.17034498e-02 5.81900358e-01 -3.34044136e-02
      5.81900358e-01 -3.68082970e-02 5.83121240e-01 -4.19150256e-02
      5.94973743e-01 -5.94209358e-02 6.24362886e-01 -1.01198927e-01
      6.34190440e-01 -1.14167579e-01 6.44598067e-01 -1.18745275e-01</contour2d>
    <histogram type_id="opencv-matrix">
      <rows>20</rows>
      <cols>1</cols>
      <dt>f</dt>
      <data>
        1.26506016e-01 2.04819262e-01 9.93975848e-02 5.57228886e-02
        1.20481923e-02 4.51807212e-03 1.50602404e-03 1.50602404e-03
        1.50602404e-03 3.01204808e-03 4.51807212e-03 7.53012020e-03
        9.03614424e-03 2.25903615e-02 2.10843366e-02 3.46385539e-02
        5.42168655e-02 9.33734924e-02 0. 2.42469877e-01</data></histogram></_>
  <_><id>5</id>
    <height>1.9588649272918701e-02</height>
    <contour2d>
      6.47916198e-01 -1.71353370e-02 6.39258683e-01 -1.34986853e-02
      6.32923722e-01 -1.34937866e-02 6.29899204e-01 -1.52141051e-02
      6.28635943e-01 -1.69740841e-02 6.07519209e-01 -6.86250106e-02
      5.96671343e-01 -1.00906186e-01 5.96671283e-01 -1.16395466e-01
      5.97905874e-01 -1.18117496e-01 6.09239161e-01 -1.19194761e-01
      6.18945837e-01 -1.19914614e-01 6.29898965e-01 -1.13828927e-01
      6.53014004e-01 -2.95755602e-02 6.53545678e-01 -2.25339159e-02
      6.53545678e-01 -2.07521245e-02 6.50989294e-01 -1.89682860e-02</contour2d>
    <histogram type_id="opencv-matrix">
      <rows>20</rows>
      <cols>1</cols>
      <dt>f</dt>
      <data>
        1.72155693e-01 2.21556902e-01 1.01796411e-01 3.59281451e-02
        1.19760484e-02 5.98802418e-03 4.49101813e-03 5.98802418e-03
        8.98203626e-03 5.98802418e-03 8.98203626e-03 1.19760484e-02
        2.24550907e-02 1.94610786e-02 1.94610786e-02 2.84431148e-02
        4.19161692e-02 6.88622743e-02 0. 2.03592822e-01</data></histogram></_>
  <_><id>6</id>
    <height>1.8411278724670410e-02</height>
    <contour2d>
      5.61631083e-01 1.73552018e-02 5.48935175e-01 1.72172375e-02
      5.46673417e-01 1.55269913e-02 5.37676275e-01 -4.29371744e-03
      5.20323038e-01 -5.44027463e-02 5.13490438e-01 -8.17382261e-02
      5.22921979e-01 -9.04940367e-02 5.26823521e-01 -9.07854959e-02
      5.39269090e-01 -8.82716328e-02 5.42812169e-01 -8.00425783e-02
      5.77344060e-01 5.70565090e-03 5.77344060e-01 7.39717018e-03
      5.75021207e-01 9.07090679e-03</contour2d>
    <histogram type_id="opencv-matrix">
      <rows>20</rows>
      <cols>1</cols>
      <dt>f</dt>
      <data>
        1.53731346e-01 2.25373134e-01 1.14925377e-01 4.02985066e-02
        2.08955221e-02 1.04477610e-02 5.97014930e-03 1.49253737e-02
        8.95522349e-03 7.46268686e-03 5.97014930e-03 1.04477610e-02
        1.34328362e-02 1.19402986e-02 3.28358226e-02 2.23880596e-02
        4.62686568e-02 7.01492578e-02 0. 1.83582097e-01</data></histogram></_>
  <_><id>7</id>
    <height>1.7053365707397461e-02</height>
    <contour2d>
      5.84342241e-01 -2.77152751e-03 5.80228925e-01 -1.06448331e-03
      5.70942760e-01 -2.73512769e-03 5.02244413e-01 -3.44093740e-02
      4.87347394e-01 -4.67810631e-02 4.86213714e-01 -5.15212789e-02
      4.87347364e-01 -5.94239831e-02 5.02623975e-01 -7.12688044e-02
      5.04916251e-01 -7.12705776e-02 5.10794818e-01 -7.02045709e-02
      5.76978683e-01 -3.47135179e-02 5.81075788e-01 -3.14467438e-02
      5.84708512e-01 -2.80734673e-02 5.89966178e-01 -2.14327015e-02
      5.90446651e-01 -1.97955780e-02</contour2d>
    <histogram type_id="opencv-matrix">
      <rows>20</rows>
      <cols>1</cols>
      <dt>f</dt>
      <data>
        1.26112759e-01 2.24035606e-01 1.00890204e-01 5.78635000e-02
        2.22551934e-02 8.90207663e-03 1.33531159e-02 8.90207663e-03
        1.18694361e-02 4.45103832e-03 1.48367956e-02 7.41839781e-03
        1.33531159e-02 2.22551934e-02 2.22551934e-02 1.63204744e-02
        3.41246277e-02 8.45697299e-02 0. 2.06231460e-01</data></histogram></_>
  <_><id>8</id>
    <height>1.8628716468811035e-02</height>
    <contour2d>
      5.69285989e-01 -7.48643726e-02 5.71692944e-01 -7.15109855e-02
      5.78913629e-01 -5.13851158e-02 5.78913629e-01 -4.97075208e-02
      5.75303316e-01 -4.29942310e-02 5.57263255e-01 -2.75691524e-02
      5.03638864e-01 1.50414454e-02 5.00331879e-01 1.34127922e-02
      4.93247926e-01 2.21994286e-03 4.86213803e-01 -1.04317795e-02
      4.86213803e-01 -1.67532079e-02 4.97935236e-01 -2.95009222e-02
      5.66879094e-01 -7.48625100e-02</contour2d>
    <histogram type_id="opencv-matrix">
