<?xml version="1.0"?>
<opencv_storage>
<obj>
  <_><id>0</id>
    <height>1.3554418087005615e-01</height>
    <contour2d>
      7.01656997e-01 4.44622971e-02 6.52724326e-01 1.03457175e-01
      6.31352544e-01 1.07885532e-01 5.59949458e-01 9.28564742e-02
      5.39593041e-01 8.70583802e-02 5.28245151e-01 8.21306109e-02
      5.25507331e-01 8.02402645e-02 5.23223341e-01 7.44675696e-02
      5.21602452e-01 6.94985166e-02 5.20913005e-01 6.46202266e-02
      5.20257592e-01 5.08236922e-02 5.20529509e-01 4.77367379e-02
      5.25071383e-01 3.30452435e-02 5.38143277e-01 3.01107503e-02
      5.46612799e-01 2.85122599e-02 5.56072891e-01 2.73472704e-02
      6.47899985e-01 2.82114707e-02 6.62253797e-01 2.89806798e-02
      6.77736580e-01 3.19058560e-02</contour2d>
    <histogram type_id="opencv-matrix">
      <rows>20</rows>
      <cols>1</cols>
      <dt>f</dt>
      <data>
        6.62593991e-02 0. 0. 0. 0. 0. 0. 0. 0. 1.38627827e-01 0. 0. 0.
        0. 0. 0. 0. 0. 1.28289476e-01 6.66823328e-01</data></histogram></_>
  <_><id>1</id>
    <height>1.3666856288909912e-01</height>
    <contour2d>
      6.86991394e-01 1.25482425e-01 6.58690274e-01 1.19390003e-01
      5.79752028e-01 1.00799039e-01 5.69477260e-01 9.76200253e-02
      5.39554060e-01 8.54866356e-02 5.29528856e-01 8.08776766e-02
      5.27029276e-01 7.87684992e-02 5.19549012e-01 7.11090490e-02
      5.21341920e-01 6.27945960e-02 5.22148907e-01 6.00176454e-02
      5.25958657e-01 5.04382923e-02 5.32263875e-01 4.16020639e-02
      5.33842564e-01 4.01797555e-02 5.45264304e-01 3.23802531e-02
      5.48501372e-01 3.10248137e-02 5.54940820e-01 2.98508797e-02
      5.64522743e-01 2.88219824e-02 5.66033721e-01 2.88161002e-02
      5.92194259e-01 3.02836280e-02 6.19138896e-01 3.66801620e-02
      6.41549408e-01 5.66719882e-02</contour2d>
    <histogram type_id="opencv-matrix">
      <rows>20</rows>
      <cols>1</cols>
      <dt>f</dt>
      <data>
        6.42092749e-02 0. 0. 0. 0. 0. 0. 0. 0. 1.46650812e-02 0. 0. 0.
        0. 0. 0. 0. 0. 1.50217995e-01 7.70907640e-01</data></histogram></_>
  <_><id>2</id>
    <height>1.3776159286499023e-01</height>
    <contour2d>
      6.77386642e-01 5.19820563e-02 6.61430955e-01 1.29805684e-01
      6.51541412e-01 1.28223926e-01 5.67497671e-01 1.09875120e-01
      5.41543782e-01 1.00877747e-01 5.35479963e-01 9.83759314e-02
      5.30797243e-01 9.58382785e-02 5.29545367e-01 9.38813388e-02
      5.23703575e-01 8.07910711e-02 5.21842241e-01 6.97779879e-02
      5.22171497e-01 6.82653934e-02 5.25290370e-01 5.90890683e-02
      5.28902054e-01 5.35234623e-02 5.34002542e-01 4.89474684e-02
      5.36333144e-01 4.74852510e-02 5.43531418e-01 4.66667973e-02
      5.64183354e-01 4.52924147e-02 6.05931878e-01 4.60776240e-02
      6.33910060e-01 4.75543216e-02</contour2d>
    <histogram type_id="opencv-matrix">
      <rows>20</rows>
      <cols>1</cols>
      <dt>f</dt>
      <data>
        6.91421255e-02 0. 0. 0. 0. 0. 0. 0. 0. 2.94494238e-02 0. 0. 0.
        0. 0. 0. 0. 0. 9.68843400e-02 8.04524124e-01</data></histogram></_>
  <_><id>3</id>
    <height>2.3071360588073730e-01</height>
    <contour2d>
      7.78646827e-01 -3.47686768e-01 7.71106601e-01 -3.34382862e-01
      5.91067076e-01 -3.59619290e-01 5.50566554e-01 -3.65800023e-01
      5.38353622e-01 -3.73074770e-01 5.37420034e-01 -3.74010324e-01
      5.36951602e-01 -3.76015365e-01 5.69173872e-01 -4.16742682e-01
      5.70935249e-01 -4.18653309e-01 5.73027015e-01 -4.19773966e-01
      5.78419030e-01 -4.21893179e-01 6.09069049e-01 -4.27635103e-01
      6.12475216e-01 -4.27808851e-01 6.17814660e-01 -4.26834017e-01
      6.23107731e-01 -4.25406545e-01 6.35571122e-01 -4.19426322e-01
      7.68873036e-01 -3.53444338e-01 7.75975585e-01 -3.49790215e-01</contour2d>
    <histogram type_id="opencv-matrix">
      <rows>20</rows>
      <cols>1</cols>
      <dt>f</dt>
      <data>
        9.99511659e-01 0. 0. 0. 0. 0. 0. 0. 0. 0. 0. 0. 0. 0. 0. 0. 0.
        0. 4.88376652e-04 0.</data></histogram></_>
  <_><id>4</id>
    <height>1.3740909099578857e-01</height>
    <contour2d>
      6.98444843e-01 1.31220460e-01 6.06850922e-01 1.10112473e-01
      5.91385543e-01 1.05758503e-01 5.76188803e-01 1.00033388e-01
      5.59383452e-01 8.93643275e-02 5.56158006e-01 8.70489255e-02
      5.52452862e-01 8.41401890e-02 5.46775818e-01 7.84755349e-02
      5.45634449e-01 7.66706765e-02 5.45139730e-01 7.47262090e-02
      5.44964314e-01 7.17341304e-02 5.45975029e-01 6.43531829e-02
      5.46264648e-01 6.38729930e-02 5.68897009e-01 4.01222259e-02
      5.75351119e-01 3.72279435e-02 5.80279410e-01 3.58197615e-02
      5.89806497e-01 3.48181017e-02 6.06962740e-01 3.42537127e-02
      6.19197607e-01 3.49999480e-02 6.63859963e-01 4.30721603e-02
      6.80983126e-01 8.43136460e-02</contour2d>
    <histogram type_id="opencv-matrix">
      <rows>20</rows>
      <cols>1</cols>
      <dt>f</dt>
      <data>
        8.07833523e-02 0. 0. 0. 0. 0. 0. 0. 0. 1.10159121e-01 0. 0. 0.
        0. 0. 0. 0. 0. 1.06895141e-01 7.02162385e-01</data></histogram></_>
  <_><id>5</id>
    <height>1.3917279243469238e-01</height>
    <contour2d>
      6.88091636e-01 1.31935894e-01 6.86442733e-01 1.32761225e-01
      5.97995579e-01 1.10472754e-01 5.72725892e-01 1.03786454e-01
      5.58939815e-01 9.94011462e-02 5.57577312e-01 9.87897813e-02
      5.53909361e-01 9.67479721e-02 5.51721990e-01 9.50196758e-02
      5.49681604e-01 9.30162147e-02 5.47329843e-01 8.99806470e-02
      5.45767426e-01 8.47483352e-02 5.42412639e-01 7.10947290e-02
      5.45901358e-01 5.48331141e-02 5.48052073e-01 5.15596718e-02
      5.71359396e-01 4.53195460e-02 5.83155274e-01 4.46080603e-02
      6.10077858e-01 4.41221111e-02 6.72179818e-01 4.70256433e-02
      6.96487010e-01 8.63732621e-02</contour2d>
    <histogram type_id="opencv-matrix">
      <rows>20</rows>
      <cols>1</cols>
      <dt>f</dt>
      <data>
        9.84499380e-02 0. 0. 0. 0. 0. 0. 0. 0. 9.34227034e-02 0. 0. 0.
        0. 0. 0. 0. 0. 1.16045244e-01 6.92082107e-01</data></histogram></_>
  <_><id>6</id>
    <height>1.3888716697692871e-01</height>
    <contour2d>
      7.44675636e-01 1.67121410e-01 6.98225439e-01 1.54480875e-01
      6.35169327e-01 1.36624694e-01 6.08691454e-01 1.28504753e-01
      5.94376922e-01 1.23488225e-01 5.67264438e-01 1.09887891e-01
      5.54808021e-01 1.03090122e-01 5.49515486e-01 9.93306264e-02
      5.48211277e-01 9.74689052e-02 5.46326101e-01 9.35802832e-02
      5.46485662e-01 9.07214135e-02 5.50640285e-01 7.91331604e-02
      5.51326752e-01 7.76194185e-02 5.54068744e-01 7.37959370e-02
      5.59883714e-01 6.70360923e-02 5.64973712e-01 6.24565668e-02
      5.67220926e-01 6.11231998e-02 5.73797822e-01 5.86137958e-02
      5.86180925e-01 5.82679138e-02 6.08215332e-01 5.89774661e-02
      6.12382531e-01 5.93508855e-02 7.04843760e-01 7.08062649e-02</contour2d>
    <histogram type_id="opencv-matrix">
      <rows>20</rows>
      <cols>1</cols>
      <dt>f</dt>
      <data>
        9.88047794e-02 0. 0. 0. 0. 0. 0. 0. 0. 1.59362555e-02 0. 0. 0.
        0. 0. 0. 0. 0. 1.43426299e-01 7.41832674e-01</data></histogram></_>
  <_><id>7</id>
    <height>1.3833129405975342e-01</height>
    <contour2d>
      7.19756007e-01 1.09909400e-01 6.84509575e-01 1.33213744e-01
      5.96179187e-01 1.10886090e-01 5.62249362e-01 1.01721354e-01
      5.53051889e-01 9.81646106e-02 5.51073194e-01 9.64796692e-02
      5.47924221e-01 9.16884020e-02 5.45772970e-01 8.54926556e-02
      5.43737531e-01 7.55865052e-02 5.46261609e-01 6.68453872e-02
      5.48158467e-01 6.16788007e-02 5.57022989e-01 5.01985550e-02
      5.60128450e-01 4.87641431e-02 5.78726530e-01 4.60068583e-02
      5.89523256e-01 4.50191945e-02 5.97288549e-01 4.55518067e-02
      6.49787486e-01 5.07457182e-02 6.89321995e-01 5.68893142e-02
      7.00632989e-01 6.14416227e-02</contour2d>
    <histogram type_id="opencv-matrix">
      <rows>20</rows>
      <cols>1</cols>
      <dt>f</dt>
      <data>
        1.16258740e-01 0. 0. 0. 0. 0. 0. 0. 0. 3.14685330e-02 0. 0. 0.
