<?xml version="1.0"?>
<opencv_storage>
<obj>
  <_><id>1</id>
    <height>2.3059141635894775e-01</height>
    <contour2d>
      5.48653483e-01 -9.71377641e-02 5.49807250e-01 -9.54532251e-02
      5.34210384e-01 7.21877813e-02 5.31422615e-01 7.50040039e-02
      5.27747989e-01 7.55359456e-02 5.20459712e-01 7.49781653e-02
      5.23958921e-01 1.13145020e-02 5.26708007e-01 -2.63300091e-02
      5.27208149e-01 -3.08120307e-02 5.36378026e-01 -9.35829356e-02
      5.37669659e-01 -9.53876898e-02 5.40580034e-01 -9.73849744e-02
      5.42142391e-01 -9.78889540e-02 5.43161929e-01 -9.78842601e-02</contour2d>
    <histogram type_id="opencv-matrix">
      <rows>20</rows>
      <cols>1</cols>
      <dt>f</dt>
      <data>
        1.05277255e-01 1.66354135e-01 2.18590945e-01 2.04929009e-01
        1.47334579e-02 1.33940531e-03 8.03643139e-04 1.07152422e-03
        1.87516736e-03 3.48245376e-03 1.36619341e-02 1.92874353e-02
        1.84837934e-02 2.33056527e-02 1.23225283e-02 1.44655770e-02
        2.70559862e-02 4.47361358e-02 0. 1.08223945e-01</data></histogram></_>
  <_><id>2</id>
    <height>2.3279738426208496e-01</height>
    <contour2d>
      5.60480237e-01 8.14123079e-02 5.58480382e-01 8.19725841e-02
      5.57517886e-01 8.19666758e-02 5.53051233e-01 8.11864436e-02
      5.50589144e-01 8.03726166e-02 5.27485490e-01 8.71035364e-03
      5.24633765e-01 -1.49730209e-03 5.21458685e-01 -1.38342781e-02
      5.05204022e-01 -8.04730728e-02 5.07514715e-01 -8.39393288e-02
      5.11537552e-01 -8.55532363e-02 5.12572050e-01 -8.55468810e-02
      5.15702605e-01 -8.42487141e-02 5.17718375e-01 -8.27431157e-02
      5.18752694e-01 -8.14954638e-02 5.66235244e-01 7.69757703e-02
      5.66192746e-01 7.71493614e-02</contour2d>
    <histogram type_id="opencv-matrix">
      <rows>20</rows>
      <cols>1</cols>
      <dt>f</dt>
      <data>
        1.27889052e-01 1.62711859e-01 2.30200306e-01 1.94144830e-01
        1.35593219e-02 6.16332807e-04 3.08166404e-04 1.84899848e-03
        9.24499240e-04 8.01232643e-03 1.69491526e-02 1.51001541e-02
        1.47919878e-02 2.15716474e-02 1.78736523e-02 1.17103234e-02
        2.37288140e-02 3.91371325e-02 0. 9.89214182e-02</data></histogram></_>
  <_><id>3</id>
    <height>2.3418116569519043e-01</height>
    <contour2d>
      5.83578348e-01 8.39888006e-02 5.75815618e-01 8.78317058e-02
      5.73961377e-01 8.78231674e-02 5.27263403e-01 1.36677669e-02
      5.10079563e-01 -1.65305436e-02 4.89741117e-01 -5.29870167e-02
      4.88844305e-01 -5.49202375e-02 4.87750798e-01 -6.01223707e-02
      4.87760961e-01 -6.23070821e-02 4.89064038e-01 -6.54384196e-02
      5.01131058e-01 -6.72471002e-02 5.02218664e-01 -6.72420859e-02
      5.84723294e-01 7.72882998e-02 5.86438000e-01 8.14868137e-02</contour2d>
    <histogram type_id="opencv-matrix">
      <rows>20</rows>
      <cols>1</cols>
      <dt>f</dt>
      <data>
        1.12140417e-01 1.83325201e-01 2.75475383e-01 2.35982448e-01
        1.12140421e-02 0. 9.75134084e-04 9.75134084e-04 9.75134084e-04
        2.92540225e-03 1.31643098e-02 1.70648471e-02 1.60897132e-02
        2.04778165e-02 5.85080450e-03 7.80107267e-03 1.12140421e-02
        3.07167228e-02 0. 5.36323749e-02</data></histogram></_>
  <_><id>4</id>
    <height>2.3283052444458008e-01</height>
    <contour2d>
      6.20278835e-01 6.97707683e-02 6.18299544e-01 6.97616488e-02
      5.75965047e-01 5.31761982e-02 5.33801496e-01 3.38771753e-02
      4.76102591e-01 -1.91692188e-02 4.73522484e-01 -2.26884671e-02
      4.73527491e-01 -2.37652101e-02 4.75637078e-01 -2.95916703e-02
      4.97019917e-01 -6.57192990e-02 5.03724992e-01 -7.12047517e-02
      5.09748995e-01 -7.31395707e-02 6.17513359e-01 5.83932735e-02
      6.18740857e-01 6.14661127e-02</contour2d>
    <histogram type_id="opencv-matrix">
      <rows>20</rows>
      <cols>1</cols>
      <dt>f</dt>
      <data>
        8.36820062e-03 4.32357043e-02 1.33891210e-01 2.00836822e-01
        5.57880057e-03 0. 0. 0. 0. 1.39470014e-03 1.11576011e-02
        2.64993031e-02 2.51046028e-02 2.51046028e-02 8.36820062e-03
        2.78940029e-03 1.39470014e-03 2.78940029e-03 0. 5.03486753e-01</data></histogram></_>
  <_><id>5</id>
    <height>2.2991675138473511e-01</height>
    <contour2d>
      4.69185024e-01 2.84415875e-02 4.68117803e-01 2.34821811e-02
      4.72468346e-01 -2.92418990e-02 4.75454062e-01 -3.24152336e-02
      4.80776668e-01 -3.44030708e-02 4.81897026e-01 -3.43043134e-02
      4.82421905e-01 -3.35833319e-02 4.82940733e-01 -3.16006877e-02
      4.86523926e-01 2.08717491e-02 4.70045567e-01 2.84455512e-02</contour2d>
    <histogram type_id="opencv-matrix">
      <rows>20</rows>
      <cols>1</cols>
      <dt>f</dt>
      <data>
        5.46448072e-03 2.18579229e-02 3.82513665e-02 2.45901626e-02
        2.73224036e-03 0. 0. 0. 0. 2.73224036e-03 3.27868834e-02
        1.22950815e-01 7.92349726e-02 4.37158458e-02 4.09836061e-02
        5.46448072e-03 1.09289614e-02 5.46448072e-03 0. 5.62841535e-01</data></histogram></_>
  <_><id>6</id>
    <height>2.3082447052001953e-01</height>
    <contour2d>
      4.97953773e-01 -2.55915802e-03 5.01210809e-01 3.80506390e-04
      5.01202941e-01 1.65522448e-03 4.97185767e-01 6.10836074e-02
      4.85442847e-01 6.49719611e-02 4.81942236e-01 6.45131022e-02
      4.69223231e-01 1.23510184e-02 4.72382784e-01 8.83708149e-03
      4.78008121e-01 3.95255815e-03 4.79502261e-01 2.79128458e-03
      4.84530479e-01 1.56337745e-04</contour2d>
    <histogram type_id="opencv-matrix">
      <rows>20</rows>
      <cols>1</cols>
      <dt>f</dt>
      <data>
        4.76190485e-02 1.00000001e-01 9.04761925e-02 4.28571440e-02
        3.33333351e-02 9.52380989e-03 0. 0. 4.76190494e-03
        1.42857153e-02 2.38095243e-02 1.90476198e-02 4.76190485e-02
        5.71428612e-02 2.85714306e-02 1.42857153e-02 2.85714306e-02
        7.61904791e-02 0. 3.61904770e-01</data></histogram></_>
  <_><id>7</id>
    <height>2.3446786403656006e-01</height>
    <contour2d>
      6.16669297e-01 -5.30427136e-02 6.16633177e-01 -4.72284444e-02
      5.03399074e-01 8.40734020e-02 4.99813616e-01 8.67957398e-02
      4.97046441e-01 8.75009522e-02 4.96175051e-01 8.74956027e-02
      4.76154596e-01 4.43521403e-02 4.76174414e-01 4.11532670e-02
      4.76405650e-01 3.78982760e-02 4.76620913e-01 3.67793515e-02
      4.80443209e-01 2.85114758e-02 4.97887850e-01 1.51997572e-02
      5.19247413e-01 2.54533603e-04 5.37529469e-01 -1.18196914e-02
      5.70390582e-01 -3.24203148e-02 5.94747663e-01 -4.48137261e-02
      6.05192780e-01 -4.98135835e-02 6.15531445e-01 -5.30497022e-02</contour2d>
    <histogram type_id="opencv-matrix">
      <rows>20</rows>
      <cols>1</cols>
      <dt>f</dt>
      <data>
        1.81347150e-02 2.33160611e-02 2.07253881e-02 3.36787552e-02
        2.59067351e-03 0. 0. 0. 0. 0. 7.77202053e-03 2.07253881e-02
        1.81347150e-02 1.55440411e-02 2.59067342e-02 5.18134702e-03
        1.03626940e-02 0. 0. 7.97927439e-01</data></histogram></_>
  <_><id>8</id>
    <height>2.3357313871383667e-01</height>
    <contour2d>
      5.97021520e-01 -6.67140186e-02 5.98826468e-01 -6.52377605e-02
      5.99996746e-01 -6.30137771e-02 5.99990368e-01 -6.16453215e-02
      5.98906398e-01 -5.89132868e-02 5.29420555e-01 9.59089249e-02
      5.28509676e-01 9.64129493e-02 5.25791287e-01 9.70229730e-02
      5.24887264e-01 9.70188156e-02 4.84517008e-01 7.36153126e-02
      4.84539241e-01 6.88499510e-02 5.38661659e-01 -1.33466756e-03
      5.91428280e-01 -6.31466880e-02 5.95865965e-01 -6.67193383e-02</contour2d>
    <histogram type_id="opencv-matrix">
      <rows>20</rows>
      <cols>1</cols>
      <dt>f</dt>
      <data>
        2.04081628e-02 4.98866215e-02 4.53514755e-02 4.08163257e-02
        6.80272095e-03 0. 2.26757373e-03 4.53514745e-03 6.80272095e-03
        0. 5.21541946e-02 3.62811796e-02 4.08163257e-02 4.76190485e-02
        3.85487527e-02 1.36054419e-02 2.26757377e-02 1.81405898e-02 0.
        5.53287983e-01</data></histogram></_>
  <_><id>9</id>
    <height>2.3073929548263550e-01</height>
