<?xml version="1.0"?>
<opencv_storage>
<obj>
  <_><id>0</id>
    <height>1.4247441291809082e-01</height>
    <contour2d>
      6.69477642e-01 4.12947312e-02 6.68379009e-01 4.12965417e-02
      6.65855169e-01 3.99760269e-02 6.61787450e-01 3.75188440e-02
      6.56467497e-01 1.87614355e-02 6.56467497e-01 1.74871515e-02
      6.60598934e-01 -1.62055017e-03 6.61350965e-01 -2.86837853e-03
      6.66263640e-01 -5.72916353e-03 6.70679629e-01 -4.28624125e-03
      6.77027106e-01 8.41959566e-03 6.80394769e-01 2.11707950e-02
      6.80394769e-01 2.37079356e-02</contour2d>
    <histogram type_id="opencv-matrix">
      <rows>20</rows>
      <cols>1</cols>
      <dt>f</dt>
      <data>
        1.74481999e-02 7.63358735e-03 8.72409996e-03 1.09051252e-02
        2.18102499e-03 1.09051249e-03 2.18102499e-03 6.54307473e-03
        8.72409996e-03 2.94438377e-02 1.94111228e-01 1.66848406e-01
        5.23445979e-02 5.23445979e-02 3.92584503e-02 2.61722989e-02
        1.63576882e-02 1.19956378e-02 0. 3.45692456e-01</data></histogram></_>
  <_><id>1</id>
    <height>1.4078426361083984e-01</height>
    <contour2d>
      5.77329814e-01 3.52376141e-02 5.75880766e-01 3.52400057e-02
      5.66657603e-01 3.26281339e-02 5.60046613e-01 1.57182049e-02
      5.60046613e-01 1.45772547e-02 5.67688465e-01 2.97064288e-03
      5.71274757e-01 2.97790859e-03 5.73890030e-01 3.34258168e-03
      5.74919879e-01 4.20772191e-03</contour2d>
    <histogram type_id="opencv-matrix">
      <rows>20</rows>
      <cols>1</cols>
      <dt>f</dt>
      <data>
        1.08695647e-03 4.34782589e-03 2.17391294e-03 0. 0. 0. 0.
        1.08695647e-03 1.08695647e-03 2.71739122e-02 1.84782594e-01
        4.02173907e-01 1.44565210e-01 2.18478248e-01 9.78260860e-03
        1.08695647e-03 1.08695647e-03 1.08695647e-03 0. 0.</data></histogram></_>
  <_><id>2</id>
    <height>1.4156639575958252e-01</height>
    <contour2d>
      5.82043588e-01 4.75278609e-02 5.80457807e-01 4.72821370e-02
      5.78235149e-01 4.49676514e-02 5.75351655e-01 4.10786606e-02
      5.71800947e-01 3.33158672e-02 5.69383323e-01 2.56139096e-02
      5.69220364e-01 2.22760048e-02 5.73594272e-01 3.00702965e-03
      5.75229764e-01 2.04390916e-03 5.78138888e-01 8.75459460e-04
      5.78640938e-01 8.74631805e-04 5.89338660e-01 5.28696412e-03
      5.90682805e-01 6.41705189e-03 6.02484584e-01 2.58274432e-02
      6.02484643e-01 2.92388722e-02 5.93346000e-01 4.10489962e-02</contour2d>
    <histogram type_id="opencv-matrix">
      <rows>20</rows>
      <cols>1</cols>
      <dt>f</dt>
      <data>
        4.62320837e-04 1.38696248e-03 4.62320837e-04 0. 4.62320837e-04
        0. 4.62320837e-04 9.24641674e-04 7.85945449e-03 4.06842344e-02
        2.24225610e-01 1.83079049e-01 2.95885324e-01 1.80767447e-01
        2.17290800e-02 7.85945449e-03 7.39713339e-03 2.77392496e-03 0.
        2.35783625e-02</data></histogram></_>
  <_><id>3</id>
    <height>2.2769737243652344e-01</height>
    <contour2d>
      9.08341467e-01 3.57260317e-01 9.02093351e-01 3.38996410e-01
      7.12974131e-01 -3.79119247e-01 7.18810678e-01 -3.82112861e-01
      7.48979270e-01 -3.89083594e-01 8.54852080e-01 -3.96316081e-01
      8.73349011e-01 -3.92472684e-01 8.90437722e-01 -3.87533784e-01
      8.96268249e-01 -3.79136175e-01 8.96960080e-01 -3.74365866e-01
      9.02091265e-01 -3.00163388e-01 9.09587562e-01 -1.42754465e-01
      9.16123688e-01 1.27887562e-01 9.18543518e-01 3.20120305e-01
      9.18215513e-01 3.29763681e-01 9.15531754e-01 3.47809583e-01
      9.15134311e-01 3.49142790e-01 9.14126337e-01 3.50825131e-01
      9.10015285e-01 3.55823249e-01 9.08901274e-01 3.56935740e-01</contour2d>
    <histogram type_id="opencv-matrix">
      <rows>20</rows>
      <cols>1</cols>
      <dt>f</dt>
      <data>
        1.37534440e-01 6.58260465e-01 1.59158975e-01 2.87528452e-03
        4.79214097e-04 2.39607049e-04 0. 1.79705283e-04 0.
        2.99508800e-04 4.19312331e-04 1.73715106e-03 6.88870251e-03
        7.36791687e-03 2.69557931e-03 2.27626693e-03 4.85204253e-03
        1.14412364e-02 3.29459691e-03 0.</data></histogram></_>
  <_><id>4</id>
    <height>1.4202952384948730e-01</height>
    <contour2d>
      6.02607012e-01 3.25939842e-02 5.96687019e-01 3.46345305e-02
      5.93865693e-01 3.45792621e-02 5.77753723e-01 3.26910652e-02
      5.68404019e-01 2.22383812e-02 5.65613031e-01 8.89554247e-03
      5.68197906e-01 4.51608468e-03 5.70201278e-01 1.97725068e-03
      5.72329462e-01 -2.79745582e-04 5.76269746e-01 -1.42075960e-03
      5.76764405e-01 -1.42157509e-03 5.97667873e-01 3.05959000e-03
      6.07565820e-01 8.81026872e-03 6.07689023e-01 1.56396646e-02</contour2d>
    <histogram type_id="opencv-matrix">
      <rows>20</rows>
      <cols>1</cols>
      <dt>f</dt>
      <data>
        1.76678447e-03 2.65017664e-03 8.83392233e-04 0. 0. 0. 0.
        8.83392233e-04 1.76678447e-03 1.59010608e-02 1.42226145e-01
        3.31272095e-01 2.34098941e-01 2.26148412e-01 2.20848061e-02
        7.06713786e-03 4.41696122e-03 1.76678447e-03 0. 7.06713786e-03</data></histogram></_>
  <_><id>5</id>
    <height>1.4362680912017822e-01</height>
    <contour2d>
      5.89218915e-01 3.78327891e-02 5.86902916e-01 3.77709679e-02
      5.78621209e-01 3.55446190e-02 5.67748964e-01 2.67889053e-02
      5.67748964e-01 2.56612860e-02 5.70360959e-01 1.33006386e-02
      5.71539640e-01 8.46683979e-03 5.78904986e-01 -7.10026268e-03
      5.80721319e-01 -8.25095363e-03 5.86193621e-01 -9.48329736e-03
      5.86693227e-01 -9.48412064e-03 5.89066565e-01 -8.73813778e-03
      5.94804823e-01 -1.44101481e-03 6.00497544e-01 7.57960835e-03
      6.02232993e-01 1.21384952e-02 6.03473842e-01 2.12772433e-02
      5.95706105e-01 3.23809087e-02</contour2d>
    <histogram type_id="opencv-matrix">
      <rows>20</rows>
      <cols>1</cols>
      <dt>f</dt>
      <data>
        5.34188061e-04 3.73931648e-03 0. 0. 0. 0. 0. 1.06837612e-03
        6.41025696e-03 1.92307699e-02 1.14316247e-01 1.69337615e-01
        2.29166672e-01 1.72542751e-01 3.63247879e-02 9.61538497e-03
        1.06837610e-02 2.13675224e-03 0. 2.24893168e-01</data></histogram></_>
  <_><id>6</id>
    <height>1.4154088497161865e-01</height>
    <contour2d>
      6.03953838e-01 2.02799514e-02 5.92237353e-01 2.35291794e-02
      5.89624524e-01 2.35743579e-02 5.88192105e-01 2.26734001e-02
      5.80698192e-01 1.12000424e-02 5.78269541e-01 5.29481331e-03
      5.78408718e-01 -3.70825035e-03 5.82514465e-01 -2.06956565e-02
      5.83719671e-01 -2.24804431e-02 5.85648417e-01 -2.24836227e-02
      5.88708937e-01 -2.03717556e-02 6.01740003e-01 -5.99401956e-03
      6.02606893e-01 -2.59838463e-03 6.05207622e-01 9.93899629e-03</contour2d>
    <histogram type_id="opencv-matrix">
      <rows>20</rows>
      <cols>1</cols>
      <dt>f</dt>
      <data>
        2.46761250e-03 6.16903126e-04 2.46761250e-03 1.85070932e-03
        1.85070932e-03 1.23380625e-03 2.46761250e-03 2.46761250e-03
        4.31832206e-03 1.66563839e-02 9.62368846e-02 1.73966676e-01
        3.04133236e-01 1.73349783e-01 2.40592211e-02 1.11042559e-02
        8.01974069e-03 3.70141864e-03 6.16903126e-04 1.68414548e-01</data></histogram></_>
  <_><id>7</id>
    <height>1.4251673221588135e-01</height>
    <contour2d>
      5.98395526e-01 4.97988649e-02 5.85694194e-01 4.90946546e-02
      5.84845543e-01 4.81092297e-02 5.79877794e-01 4.09948006e-02
      5.79379022e-01 3.98489572e-02 5.77203929e-01 3.06332968e-02
      5.76836646e-01 2.83739828e-02 5.75926304e-01 1.60968248e-02
      5.79969943e-01 3.22054583e-03 5.85862815e-01 8.51608638e-04
      5.91364622e-01 8.81451531e-04 5.99139333e-01 1.09504946e-02
      6.03100717e-01 1.78350806e-02 6.05577409e-01 2.48135440e-02
      6.08175695e-01 3.41261700e-02 6.08175695e-01 3.52747403e-02</contour2d>
    <histogram type_id="opencv-matrix">
      <rows>20</rows>
      <cols>1</cols>
      <dt>f</dt>
      <data>
        2.69905524e-03 6.07287418e-03 1.34952762e-03 2.69905524e-03
        2.02429155e-03 0. 1.34952762e-03 2.02429155e-03 7.42240204e-03
