<?xml version="1.0"?>
<opencv_storage>
<obj>
  <_><id>1</id>
    <height>2.0491957664489746e-02</height>
    <contour2d>
      5.97075999e-01 -6.45419806e-02 5.98238170e-01 -6.30430877e-02
      5.98224223e-01 -6.00560531e-02 5.82601726e-01 5.26720732e-02
      5.80258191e-01 5.58571555e-02 5.79076946e-01 5.59769422e-02
      5.50025880e-01 5.63610308e-02 5.36705732e-01 5.56561872e-02
      5.22405326e-01 5.22238761e-02 5.02472222e-01 4.57277186e-02
      5.01475036e-01 4.28157263e-02 5.01488090e-01 4.00162637e-02
      5.07183433e-01 -6.55748621e-02 5.09779930e-01 -6.73807487e-02
      5.33972621e-01 -6.94378689e-02 5.49569964e-01 -6.86098635e-02</contour2d>
    <histogram type_id="opencv-matrix">
      <rows>20</rows>
      <cols>1</cols>
      <dt>f</dt>
      <data>
        8.95927623e-02 2.41176471e-01 2.64705896e-01 6.10859729e-02
        2.03619916e-02 1.35746608e-02 5.88235306e-03 8.59728549e-03
        2.26244354e-03 1.35746610e-03 2.71493220e-03 4.07239841e-03
        1.08597288e-02 8.14479683e-03 6.33484172e-03 5.42986440e-03
        2.85067875e-02 2.98642535e-02 0. 1.95475116e-01</data></histogram></_>
  <_><id>2</id>
    <height>2.0864665508270264e-02</height>
    <contour2d>
      5.97784460e-01 3.41086648e-02 5.62494874e-01 5.24020419e-02
      5.34494162e-01 5.98260090e-02 5.28936923e-01 6.10940643e-02
      5.22365451e-01 6.07786067e-02 5.18085122e-01 5.47982343e-02
      4.92229551e-01 -4.75024106e-03 4.77182269e-01 -4.03685607e-02
      4.77201432e-01 -4.44792509e-02 5.16494334e-01 -6.42312840e-02
      5.63117564e-01 -8.11375007e-02 5.64266324e-01 -8.11322108e-02
      5.65401316e-01 -7.81919658e-02 5.96658170e-01 2.50690561e-02</contour2d>
    <histogram type_id="opencv-matrix">
      <rows>20</rows>
      <cols>1</cols>
      <dt>f</dt>
      <data>
        9.93260071e-02 2.75274932e-01 3.17133754e-01 7.16566145e-02
        2.05746721e-02 8.15892220e-03 3.54735740e-03 4.25682869e-03
        3.90209304e-03 1.06420717e-03 3.54735740e-03 1.06420717e-03
        2.12841434e-03 3.19262152e-03 1.41894293e-03 4.61156433e-03
        1.24157509e-02 3.90209295e-02 0. 1.27704859e-01</data></histogram></_>
  <_><id>3</id>
    <height>2.3446738719940186e-02</height>
    <contour2d>
      6.11456990e-01 5.12851682e-03 6.10238314e-01 1.11577949e-02
      5.69674432e-01 6.84665814e-02 4.76980418e-01 2.78624566e-03
      4.74852234e-01 3.26557783e-05 4.78146434e-01 -1.22793885e-02
      5.08740664e-01 -5.83022088e-02 5.22193253e-01 -7.33659118e-02
      5.26476860e-01 -7.67533630e-02 5.27650952e-01 -7.65518323e-02
      6.00365639e-01 -1.43308640e-02 6.05003476e-01 -9.83213354e-03
      6.11466408e-01 3.61937657e-03</contour2d>
    <histogram type_id="opencv-matrix">
      <rows>20</rows>
      <cols>1</cols>
      <dt>f</dt>
      <data>
        1.01358406e-01 2.48345524e-01 3.47962379e-01 7.94148371e-02
        2.26401947e-02 1.07976310e-02 3.13479616e-03 2.43817479e-03
        4.87634959e-03 2.43817479e-03 2.78648548e-03 2.78648548e-03
        1.39324274e-03 1.74155342e-03 1.74155342e-03 3.13479616e-03
        9.75269917e-03 3.23928930e-02 0. 1.20863810e-01</data></histogram></_>
  <_><id>4</id>
    <height>2.5235295295715332e-02</height>
    <contour2d>
      6.12870753e-01 -4.40432243e-02 6.12772226e-01 -2.29152013e-02
      6.09115601e-01 1.21486199e-03 6.01785958e-01 4.51421440e-02
      4.90909129e-01 2.57921629e-02 4.87760991e-01 2.29466725e-02
      4.87806231e-01 1.32457465e-02 4.93404835e-01 -2.41470952e-02
      4.98938829e-01 -4.76814359e-02 5.06304026e-01 -6.93204254e-02
      5.08438051e-01 -7.23009855e-02 6.11696482e-01 -4.55578454e-02</contour2d>
    <histogram type_id="opencv-matrix">
      <rows>20</rows>
      <cols>1</cols>
      <dt>f</dt>
      <data>
        9.84081030e-02 2.04775676e-01 3.96164954e-01 9.33429748e-02
        1.88133139e-02 1.30246021e-02 4.34153387e-03 3.61794489e-03
        2.17076694e-03 2.89435592e-03 4.34153387e-03 5.78871183e-03
        2.89435592e-03 2.17076694e-03 4.70332848e-03 5.06512262e-03
        1.44717796e-02 3.65412422e-02 0. 8.64688829e-02</data></histogram></_>
  <_><id>5</id>
    <height>2.3987591266632080e-02</height>
    <contour2d>
      6.16695225e-01 2.72682291e-02 6.15489066e-01 2.87944358e-02
      5.04714847e-01 3.59153487e-02 5.03623009e-01 3.45070697e-02
      5.01533806e-01 3.02180871e-02 4.93359596e-01 -1.44461691e-02
      4.91364449e-01 -5.18739931e-02 4.91383821e-01 -5.60315177e-02
      4.92481560e-01 -5.87982163e-02 6.02350712e-01 -6.49079829e-02
      6.04702532e-01 -6.48971498e-02 6.10465884e-01 -3.49992476e-02
      6.11604989e-01 -2.59389468e-02 6.16702378e-01 2.57364996e-02</contour2d>
    <histogram type_id="opencv-matrix">
      <rows>20</rows>
      <cols>1</cols>
      <dt>f</dt>
      <data>
        8.84135440e-02 2.09269166e-01 4.14260238e-01 8.12834203e-02
        1.92513373e-02 1.24777183e-02 6.77361852e-03 4.63458104e-03
        3.20855621e-03 3.56506230e-03 6.41711242e-03 6.41711242e-03
        3.20855621e-03 1.42602494e-03 2.49554357e-03 2.49554357e-03
        1.49732623e-02 4.13547233e-02 0. 7.80748650e-02</data></histogram></_>
  <_><id>6</id>
    <height>2.5414168834686279e-02</height>
    <contour2d>
      6.31908476e-01 -1.41141601e-02 5.37806630e-01 4.85740304e-02
      5.30151963e-01 4.10409495e-02 5.25826693e-01 3.65556218e-02
      4.85413104e-01 -1.27546508e-02 4.85378146e-01 -1.82252061e-02
      4.86716717e-01 -3.21898498e-02 5.86659551e-01 -9.31895301e-02
      6.22951448e-01 -3.07572465e-02</contour2d>
    <histogram type_id="opencv-matrix">
      <rows>20</rows>
      <cols>1</cols>
      <dt>f</dt>
      <data>
        1.01438582e-01 2.12098852e-01 4.06860918e-01 8.70527476e-02
        1.32792322e-02 1.40169673e-02 5.53301349e-03 7.74621870e-03
        3.68867564e-04 2.95094051e-03 9.59055685e-03 1.14348941e-02
        3.68867558e-03 2.95094051e-03 2.58207298e-03 4.05754335e-03
        1.43858353e-02 3.72556224e-02 3.68867564e-04 6.23386167e-02</data></histogram></_>
  <_><id>7</id>
    <height>2.3703336715698242e-02</height>
    <contour2d>
      6.26080513e-01 -5.72733693e-02 6.26673043e-01 -5.54006547e-02
      6.26665890e-01 -5.38689494e-02 5.69921553e-01 4.53510284e-02
      5.67610502e-01 4.53403853e-02 4.92762774e-01 6.33390155e-03
      4.91685748e-01 4.94482322e-03 4.90701497e-01 2.17181956e-03
      4.90714371e-01 -5.89460949e-04 5.51947296e-01 -1.00748204e-01
      5.53085148e-01 -1.00742958e-01 5.85524797e-01 -8.19243863e-02</contour2d>
    <histogram type_id="opencv-matrix">
      <rows>20</rows>
      <cols>1</cols>
      <dt>f</dt>
      <data>
        9.45696309e-02 1.95419282e-01 4.03398573e-01 9.34613943e-02
        1.47765046e-02 1.29294414e-02 4.80236392e-03 4.43295157e-03
        1.84706307e-03 1.10823789e-03 1.14517910e-02 1.77318063e-02
        2.21647578e-03 2.95530097e-03 2.58588837e-03 3.32471356e-03
        1.66235678e-02 3.54636125e-02 0. 8.09013620e-02</data></histogram></_>
  <_><id>8</id>
    <height>2.3254752159118652e-02</height>
    <contour2d>
      5.96587002e-01 -9.36990827e-02 5.97751558e-01 -9.06822979e-02
      5.93675077e-01 2.52383072e-02 5.79180241e-01 2.78571993e-02
      5.15521407e-01 3.33884470e-02 5.09053767e-01 3.17987427e-02
      5.07959187e-01 3.03869825e-02 5.07428765e-01 -9.19996798e-02
      5.50789118e-01 -9.63927284e-02 5.55301547e-01 -9.66079533e-02
      5.58723211e-01 -9.65921879e-02</contour2d>
    <histogram type_id="opencv-matrix">
      <rows>20</rows>
      <cols>1</cols>
      <dt>f</dt>
      <data>
        1.28383070e-01 2.24496871e-01 3.77168626e-01 6.52324781e-02
        1.45732127e-02 5.20471856e-03 4.16377513e-03 3.12283123e-03
        4.16377513e-03 2.42886879e-03 8.67453124e-03 1.31852878e-02
        4.51075612e-03 5.89868147e-03 3.12283123e-03 2.77585001e-03
        1.11034000e-02 2.49826498e-02 0. 9.68077704e-02</data></histogram></_>
  <_><id>9</id>
    <height>2.3498952388763428e-02</height>
    <contour2d>
