<?xml version="1.0"?>
<opencv_storage>
<obj>
  <_><id>1</id>
    <height>2.0015895366668701e-02</height>
    <contour2d>
      4.59039658e-01 2.51678992e-02 4.58090216e-01 2.81743649e-02
      4.46579069e-01 5.54987527e-02 4.27239746e-01 6.38461262e-02
      4.18223768e-01 6.63211569e-02 4.02186483e-01 6.55569360e-02
      3.66539270e-01 4.75334562e-02 3.61379236e-01 2.20429711e-02
      3.61379236e-01 2.06136890e-02 3.76019865e-01 -6.65913383e-03
      3.92276734e-01 -1.84273738e-02 4.07703847e-01 -2.45496798e-02
      4.10905808e-01 -2.46087071e-02 4.21754330e-01 -2.32929848e-02
      4.37648118e-01 -1.59980766e-02 4.42140609e-01 -1.30118383e-02
      4.49915022e-01 -2.45040841e-03 4.54732180e-01 6.71619782e-03
      4.59039658e-01 1.90270524e-02</contour2d>
    <histogram type_id="opencv-matrix">
      <rows>20</rows>
      <cols>1</cols>
      <dt>f</dt>
      <data>
        1.01321591e-02 2.68722475e-02 1.85022037e-02 1.32158597e-03
        4.40528645e-04 0. 4.40528645e-04 0. 1.32158597e-03
        2.64317193e-03 3.12775336e-02 1.14537450e-02 5.72687248e-03
        2.20264331e-03 3.08370055e-03 4.40528663e-03 5.28634386e-03
        5.28634386e-03 0. 8.69603574e-01</data></histogram></_>
  <_><id>2</id>
    <height>2.1928548812866211e-02</height>
    <contour2d>
      4.59039658e-01 1.90270524e-02 4.59039658e-01 2.67031193e-02
      4.51119393e-01 4.33968343e-02 4.45187807e-01 5.53090349e-02
      4.28134382e-01 6.39934614e-02 4.10035998e-01 6.86661825e-02
      4.06538099e-01 6.86683580e-02 4.03040141e-01 6.71908855e-02
      3.67338121e-01 4.90753986e-02 3.65418434e-01 4.75341566e-02
      3.64622325e-01 4.59991805e-02 3.60252947e-01 2.63314899e-02
      3.60252947e-01 2.34729517e-02 3.60596776e-01 2.05635354e-02
      3.77165288e-01 -8.11341405e-03 3.91123086e-01 -1.69626679e-02
      4.04814184e-01 -2.44338159e-02 4.10905808e-01 -2.46087071e-02
      4.21754330e-01 -2.32929848e-02 4.41870660e-01 -1.45570021e-02
      4.43990171e-01 -1.30714821e-02 4.55676109e-01 6.73151761e-03</contour2d>
    <histogram type_id="opencv-matrix">
      <rows>20</rows>
      <cols>1</cols>
      <dt>f</dt>
      <data>
        1.04211895e-02 3.43030803e-02 1.38949193e-02 2.17108103e-03
        4.34216228e-04 4.34216228e-04 0. 4.34216228e-04 1.73686491e-03
        3.47372983e-03 3.03951353e-02 1.34607032e-02 4.34216205e-03
        2.60529737e-03 2.60529737e-03 3.03951371e-03 4.77637863e-03
        6.51324354e-03 0. 8.64958704e-01</data></histogram></_>
  <_><id>3</id>
    <height>2.0890414714813232e-02</height>
    <contour2d>
      4.54732180e-01 5.18792542e-03 4.56883162e-01 1.13260029e-02
      4.59039658e-01 1.90270524e-02 4.59039658e-01 2.51678992e-02
      4.51119393e-01 4.33968343e-02 4.45187807e-01 5.53090349e-02
      4.27528858e-01 6.36980534e-02 4.13243443e-01 6.88259751e-02
      4.07399893e-01 6.88296109e-02 4.03349727e-01 6.70323819e-02
      3.67338121e-01 4.76495922e-02 3.65418434e-01 4.61118445e-02
      3.63631785e-01 2.06122864e-02 3.66677731e-01 1.34972855e-02
      3.76019865e-01 -6.65913383e-03 3.78643602e-01 -9.54565592e-03
      3.91123086e-01 -1.69626679e-02 4.04814184e-01 -2.44338159e-02
      4.12947267e-01 -2.46670097e-02 4.20865148e-01 -2.32388731e-02
      4.38564688e-01 -1.60348415e-02 4.49915022e-01 -3.97865102e-03</contour2d>
    <histogram type_id="opencv-matrix">
      <rows>20</rows>
      <cols>1</cols>
      <dt>f</dt>
      <data>
        1.01143355e-02 3.51802967e-02 2.02286709e-02 2.63852230e-03 0.
        0. 4.39753727e-04 0. 1.31926115e-03 3.07827606e-03
        3.25417742e-02 1.14335967e-02 7.47581339e-03 3.51802981e-03
        2.63852230e-03 2.63852230e-03 8.35532043e-03 4.83729085e-03 0.
        8.53561997e-01</data></histogram></_>
  <_><id>4</id>
    <height>3.1949639320373535e-02</height>
    <contour2d>
      4.59039658e-01 1.90270524e-02 4.59039658e-01 2.51678992e-02
      4.48780090e-01 4.92284708e-02 4.45187807e-01 5.53090349e-02
      4.14699912e-01 7.01429248e-02 4.09303635e-01 6.95678666e-02
      3.97851408e-01 6.39320910e-02 3.67010683e-01 4.63371724e-02
      3.62505525e-01 2.49008350e-02 3.62843901e-01 1.91363283e-02
      3.76477659e-01 -5.22961002e-03 3.78310740e-01 -8.11412651e-03
      3.79456162e-01 -9.56846215e-03 3.91123086e-01 -1.69626679e-02
      4.05675977e-01 -2.44913865e-02 4.12947267e-01 -2.46670097e-02
      4.20865148e-01 -2.32388731e-02 4.34080392e-01 -1.75050572e-02
      4.41215843e-01 -1.29820174e-02 4.54732180e-01 5.18792542e-03
      4.56883162e-01 1.13260029e-02</contour2d>
    <histogram type_id="opencv-matrix">
      <rows>20</rows>
      <cols>1</cols>
      <dt>f</dt>
      <data>
        1.44420136e-02 3.45733054e-02 1.57549232e-02 2.18818383e-03
        4.37636772e-04 0. 4.37636772e-04 8.75273545e-04 8.75273545e-04
        4.37636767e-03 2.80087534e-02 1.13785565e-02 7.00218836e-03
        4.81400453e-03 3.06345732e-03 2.62582069e-03 6.12691464e-03
        4.37636767e-03 0. 8.58643353e-01</data></histogram></_>
  <_><id>5</id>
    <height>9.5907628536224365e-02</height>
    <contour2d>
      4.81905907e-01 8.43105745e-03 4.81905937e-01 1.15605425e-02
      4.79203701e-01 3.17965634e-02 4.73574281e-01 3.94200012e-02
      4.59249943e-01 4.99009229e-02 4.36731726e-01 5.63117787e-02
      4.24108326e-01 5.13821691e-02 4.01208848e-01 4.02232520e-02
      3.90801251e-01 2.40874048e-02 3.86328906e-01 1.65918898e-02
      3.85810941e-01 1.21718273e-02 3.95426720e-01 -1.40700340e-02
      3.99198681e-01 -2.13597100e-02 4.22643572e-01 -3.53231914e-02
      4.36458856e-01 -3.56165022e-02 4.47780401e-01 -3.44647728e-02
      4.55410212e-01 -3.31679471e-02 4.61677521e-01 -3.02025937e-02
      4.65062886e-01 -2.71843467e-02 4.67496097e-01 -2.40980573e-02
      4.78224039e-01 -7.17563136e-03 4.79450226e-01 -4.06427681e-03</contour2d>
    <histogram type_id="opencv-matrix">
      <rows>20</rows>
      <cols>1</cols>
      <dt>f</dt>
      <data>
        1.74901616e-02 4.85352017e-02 1.44293839e-02 8.74508114e-04 0.
        4.37254057e-04 0. 8.74508114e-04 1.74901623e-03 3.06077837e-03
        1.48666380e-02 4.80979448e-03 5.24704857e-03 3.93528631e-03
        7.87057262e-03 5.68430265e-03 5.24704857e-03 9.18233488e-03 0.
        8.55706215e-01</data></histogram></_>
  <_><id>6</id>
    <height>2.6695728302001953e-02</height>
    <contour2d>
      4.81905907e-01 6.86631585e-03 4.81905937e-01 1.31252548e-02
      4.79203701e-01 3.17965634e-02 4.77974772e-01 3.49163897e-02
      4.73574281e-01 3.94200012e-02 4.66279626e-01 4.53779995e-02
      4.59249943e-01 4.99009229e-02 4.44072485e-01 5.78735359e-02
      4.41947550e-01 5.77443279e-02 4.27528828e-01 5.31825311e-02
      4.22931463e-01 5.13829030e-02 4.00172323e-01 3.88948880e-02
      3.97739619e-01 3.58229429e-02 3.88306111e-01 1.80879515e-02
      3.88306111e-01 1.37167452e-02 3.91380280e-01 -5.30422013e-03
      3.92546237e-01 -9.74385347e-03 4.00352329e-01 -1.98964421e-02
      4.08869833e-01 -2.60300227e-02 4.22643572e-01 -3.53231914e-02
      4.36458856e-01 -3.56165022e-02 4.47780401e-01 -3.44647728e-02
      4.60463613e-01 -3.17422338e-02 4.62891370e-01 -3.02033480e-02
      4.66279477e-01 -2.56412309e-02 4.78224039e-01 -7.17563136e-03
      4.80432540e-01 6.05272944e-04</contour2d>
    <histogram type_id="opencv-matrix">
      <rows>20</rows>
      <cols>1</cols>
      <dt>f</dt>
      <data>
        1.50110368e-02 4.23841029e-02 1.72185432e-02 4.41501092e-04 0.
        4.41501092e-04 8.83002183e-04 0. 2.20750552e-03 2.64900643e-03
        1.81015451e-02 5.29801287e-03 4.85651195e-03 7.06401747e-03
        6.18101517e-03 3.53200873e-03 9.71302390e-03 5.73951425e-03 0.
        8.58278096e-01</data></histogram></_>
  <_><id>7</id>
    <height>3.3574163913726807e-02</height>
    <contour2d>
      4.81905907e-01 5.30157378e-03 4.81905937e-01 1.31252548e-02
      4.79439944e-01 3.34683731e-02 4.73574281e-01 3.94200012e-02
      4.65063065e-01 4.69226576e-02 4.59249943e-01 4.99009229e-02
