<?xml version="1.0"?>
<opencv_storage>
<obj>
  <_><id>0</id>
    <height>9.5464110374450684e-02</height>
    <contour2d>
      7.66342521e-01 1.98949091e-02 7.60627806e-01 3.70923318e-02
      7.52264440e-01 5.09886444e-02 7.46587813e-01 5.63269593e-02
      7.38205791e-01 6.15088567e-02 7.12566316e-01 6.50586337e-02
      7.00589418e-01 5.88609762e-02 6.87277794e-01 4.99238558e-02
      6.83822930e-01 4.59581241e-02 6.81526840e-01 4.17431705e-02
      6.80381835e-01 3.77964899e-02 6.76374316e-01 1.67440549e-02
      6.76059961e-01 1.26565453e-02 6.76059961e-01 8.74797441e-03
      6.79792106e-01 -4.33997996e-03 6.86987340e-01 -1.49222370e-02
      6.98850393e-01 -2.85912156e-02 7.27567196e-01 -3.23547013e-02
      7.31144369e-01 -3.24464664e-02 7.44541943e-01 -2.30475105e-02
      7.52264202e-01 -1.47256246e-02 7.63667226e-01 -4.49965359e-04</contour2d>
    <histogram type_id="opencv-matrix">
      <rows>20</rows>
      <cols>1</cols>
      <dt>f</dt>
      <data>
        6.46621396e-04 6.46621396e-04 1.61655352e-03 0. 3.23310698e-04
        3.23310698e-04 6.46621396e-04 3.23310698e-04 9.69932065e-04
        2.58648559e-03 7.75945652e-03 9.05269943e-03 1.03459423e-02
        5.49628166e-03 2.58648559e-03 4.84966068e-03 4.52634972e-03
        1.29324279e-03 0. 9.46007133e-01</data></histogram></_>
  <_><id>1</id>
    <height>9.3950390815734863e-02</height>
    <contour2d>
      7.58847475e-01 -1.48455156e-02 7.64296889e-01 3.89185268e-03
      7.65189469e-01 8.24553985e-03 7.63037682e-01 2.70558298e-02
      7.61255801e-01 3.42036784e-02 7.60627806e-01 3.56485248e-02
      7.54041255e-01 4.82598431e-02 7.44814217e-01 5.47605157e-02
      7.24927068e-01 6.31955713e-02 7.18415618e-01 6.28523305e-02
      7.01760888e-01 5.75123765e-02 6.92763925e-01 5.02810925e-02
      6.86702013e-01 4.33057621e-02 6.72387242e-01 2.18823664e-02
      6.72387242e-01 1.92652214e-02 6.75493240e-01 4.84033907e-03
      6.79236710e-01 -5.63589623e-03 6.84972942e-01 -1.88588370e-02
      6.94373667e-01 -3.14842239e-02 7.08449423e-01 -3.57591659e-02
      7.14000165e-01 -3.60115618e-02 7.30538726e-01 -3.38378511e-02
      7.57331848e-01 -1.77010354e-02</contour2d>
    <histogram type_id="opencv-matrix">
      <rows>20</rows>
      <cols>1</cols>
      <dt>f</dt>
      <data>
        6.74991577e-04 4.04994935e-03 1.01248734e-03 6.74991577e-04 0.
        0. 3.37495789e-04 1.01248734e-03 1.01248734e-03 5.06243668e-03
        1.21498480e-02 1.14748571e-02 1.21498480e-02 6.41241996e-03
        4.38744528e-03 4.38744528e-03 1.68747897e-03 2.02497467e-03 0.
        9.31488395e-01</data></histogram></_>
  <_><id>2</id>
    <height>9.4462513923645020e-02</height>
    <contour2d>
      7.69393563e-01 -4.82645957e-03 7.68759847e-01 2.28602942e-02
      7.68126070e-01 2.57756226e-02 7.58847654e-01 4.27544713e-02
      7.57957578e-01 4.41360138e-02 7.42083192e-01 5.46898544e-02
      7.27567494e-01 5.65138422e-02 7.25755572e-01 5.65168299e-02
      7.16067016e-01 5.44506423e-02 7.01295257e-01 4.73476872e-02
      6.98393285e-01 4.44973931e-02 6.90451741e-01 3.55136283e-02
      6.88429415e-01 3.27124409e-02 6.80943787e-01 1.94866862e-02
      6.79802835e-01 3.56332306e-03 6.80093110e-01 -3.73422517e-04
      6.80943727e-01 -5.66568784e-03 6.92731619e-01 -3.25648598e-02
      7.00844288e-01 -3.69044133e-02 7.13159144e-01 -4.13194634e-02
      7.31420577e-01 -4.08555754e-02 7.36777127e-01 -3.96799557e-02
      7.42153525e-01 -3.70796025e-02 7.48979926e-01 -3.31628285e-02
      7.55287051e-01 -2.62259971e-02 7.64558911e-01 -1.49457948e-02
      7.67606735e-01 -9.17383377e-03</contour2d>
    <histogram type_id="opencv-matrix">
      <rows>20</rows>
      <cols>1</cols>
      <dt>f</dt>
      <data>
        0. 0. 1.92975684e-03 7.71902734e-04 3.85951367e-04 0.
        3.85951367e-04 7.71902734e-04 7.71902734e-04 5.01736766e-03
        1.31223463e-02 6.94712438e-03 1.04206866e-02 6.94712438e-03
        4.24546516e-03 3.47356219e-03 2.31570820e-03 1.54380547e-03 0.
        9.40949440e-01</data></histogram></_>
  <_><id>3</id>
    <height>9.5104932785034180e-02</height>
    <contour2d>
      7.69393563e-01 -3.36931669e-03 7.69393563e-01 2.45925318e-03
      7.66974628e-01 1.98938660e-02 7.58221328e-01 3.98754999e-02
      7.54041255e-01 4.53950837e-02 7.38818049e-01 5.44697568e-02
      7.31420875e-01 5.67444004e-02 7.27510870e-01 5.66718727e-02
      7.04374015e-01 5.36992662e-02 7.01458752e-01 5.22013679e-02
      6.98266566e-01 4.92954403e-02 6.88429415e-01 3.93314883e-02
      6.86412513e-01 3.53110768e-02 6.82099283e-01 2.59479471e-02
      6.78664267e-01 1.54240886e-02 6.78664267e-01 1.14755193e-02
      6.79512560e-01 9.52937698e-04 6.80367887e-01 -3.01712030e-03
      6.82671666e-01 -1.09063191e-02 6.89504862e-01 -2.32043825e-02
      6.97397709e-01 -3.52544598e-02 6.98564291e-01 -3.65973301e-02
      7.03804791e-01 -3.81567553e-02 7.29327440e-01 -4.07977588e-02
      7.30538726e-01 -4.07997556e-02 7.41879046e-01 -3.42152677e-02
      7.54664063e-01 -2.62249708e-02 7.59473801e-01 -2.06065457e-02</contour2d>
    <histogram type_id="opencv-matrix">
      <rows>20</rows>
      <cols>1</cols>
      <dt>f</dt>
      <data>
        2.28745723e-03 3.04994290e-03 1.90621428e-03 1.52497145e-03
        3.81242862e-04 7.62485724e-04 0. 1.14372862e-03 2.28745723e-03
        6.86237169e-03 2.51620281e-02 1.71559285e-02 1.60122011e-02
        1.10560432e-02 3.81242856e-03 6.48112874e-03 2.66869995e-03
        1.14372862e-03 0. 8.96301985e-01</data></histogram></_>
  <_><id>4</id>
    <height>9.5167160034179688e-02</height>
    <contour2d>
      7.59473979e-01 3.84334363e-02 7.53418207e-01 4.25313525e-02
      7.29933381e-01 5.38831204e-02 7.25481033e-01 5.50516471e-02
      7.24877894e-01 5.50526418e-02 6.98850632e-01 4.25801910e-02
      6.91841424e-01 3.45346071e-02 6.88984454e-01 2.89967712e-02
      6.83816791e-01 1.80479754e-02 6.82095408e-01 1.15419319e-02
      6.81808114e-01 -1.35191046e-02 6.88429177e-01 -3.21542136e-02
      6.95372820e-01 -3.64404060e-02 7.01760590e-01 -3.94475944e-02
      7.08759010e-01 -4.25015017e-02 7.32576013e-01 -4.51604873e-02
      7.43312359e-01 -4.14188132e-02 7.47204721e-01 -3.87502238e-02
      7.58582890e-01 -2.77697593e-02 7.69393563e-01 -9.19788703e-03
      7.69393563e-01 2.45925318e-03</contour2d>
    <histogram type_id="opencv-matrix">
      <rows>20</rows>
      <cols>1</cols>
      <dt>f</dt>
      <data>
        0. 4.41988977e-03 1.84162066e-03 7.36648275e-04 0. 0.
        3.68324138e-04 1.47329655e-03 3.68324138e-04 3.68324132e-03
        1.06814001e-02 1.28913447e-02 6.99815853e-03 2.57826899e-03
        3.31491721e-03 1.84162066e-03 1.84162066e-03 3.68324138e-04 0.
        9.46593046e-01</data></histogram></_>
  <_><id>5</id>
    <height>1.0123372077941895e-01</height>
    <contour2d>
      2.48107100e+00 -5.91416895e-01 2.41320419e+00 -5.46633542e-01
      2.39955616e+00 -5.38734615e-01 2.38876009e+00 -5.35369098e-01
      2.31519103e+00 -5.23552835e-01 2.29636192e+00 -5.24415016e-01
      2.29636192e+00 -5.68980753e-01 2.32050967e+00 -5.76552033e-01
      2.34690762e+00 -5.79695702e-01</contour2d>
    <histogram type_id="opencv-matrix">
      <rows>20</rows>
      <cols>1</cols>
      <dt>f</dt>
      <data>
        0. 0. 0. 0. 0. 0. 0. 0. 0. 0. 0. 0. 0. 0. 0. 0. 0. 0. 0. 0.</data></histogram></_>
  <_><id>6</id>
    <height>9.5512151718139648e-02</height>
    <contour2d>
      7.71180332e-01 -9.22193937e-03 7.71180332e-01 -4.83908365e-03
      7.66974628e-01 1.55338692e-02 7.63667285e-01 2.27119327e-02
      7.58583069e-01 3.11921313e-02 7.47742355e-01 3.94049063e-02
      7.38205731e-01 4.32098173e-02 7.19611883e-01 4.77227420e-02
      7.02888787e-01 4.70073558e-02 7.02045321e-01 4.68061231e-02
      6.86987460e-01 2.07691807e-02 6.85547233e-01 1.81002058e-02
      6.83247030e-01 1.28638437e-02 6.81236446e-01 -3.75307340e-04
      6.81808114e-01 -1.22048175e-02 6.84644282e-01 -2.30388399e-02
