<?xml version="1.0"?>
<opencv_storage>
<obj>
  <_><id>1</id>
    <height>9.4383835792541504e-02</height>
    <contour2d>
      4.89204854e-01 -1.01876251e-01 4.88979369e-01 -9.53097120e-02
      4.86038983e-01 -4.64434959e-02 4.81019855e-01 2.92283539e-02
      4.66469884e-01 3.25630009e-02 4.38888222e-01 3.42755280e-02
      4.35704976e-01 3.41932401e-02 4.34588462e-01 3.12111154e-02
      4.34745908e-01 1.12415757e-02 4.35318023e-01 -1.09809842e-02
      4.41357523e-01 -1.01685911e-01 4.41920519e-01 -1.03415065e-01
      4.44598436e-01 -1.03622064e-01</contour2d>
    <histogram type_id="opencv-matrix">
      <rows>20</rows>
      <cols>1</cols>
      <dt>f</dt>
      <data>
        5.44197671e-03 6.32445980e-03 7.20694242e-03 1.41197238e-02
        8.85424316e-02 2.69892633e-01 1.04132965e-01 5.66259772e-02
        4.36828956e-02 4.44182977e-02 6.64803684e-02 4.75069880e-02
        1.35314018e-02 4.41241357e-03 3.52993095e-03 3.97117250e-03
        6.32445980e-03 5.00073563e-03 0. 2.08854243e-01</data></histogram></_>
  <_><id>2</id>
    <height>8.9917421340942383e-02</height>
    <contour2d>
      5.09415269e-01 -1.23003855e-01 5.12475908e-01 -1.09333813e-01
      5.13849854e-01 -9.07751247e-02 5.10465741e-01 -3.42911184e-02
      5.07927656e-01 4.02093539e-03 5.06360590e-01 1.05603598e-02
      4.67882782e-01 1.68105997e-02 4.64988321e-01 1.53070986e-02
      4.61705923e-01 1.24981925e-02 4.60879862e-01 -1.51065215e-02
      4.60893929e-01 -2.01533791e-02 4.62018520e-01 -6.17258847e-02
      4.64856029e-01 -1.19736418e-01 4.65102077e-01 -1.20329715e-01
      4.66552168e-01 -1.21670805e-01 4.87929136e-01 -1.23609275e-01</contour2d>
    <histogram type_id="opencv-matrix">
      <rows>20</rows>
      <cols>1</cols>
      <dt>f</dt>
      <data>
        5.53373806e-03 6.78329170e-03 1.28525523e-02 1.44591220e-02
        8.76472667e-02 2.63477325e-01 1.30846128e-01 5.44448420e-02
        4.40913960e-02 4.87325937e-02 6.08711168e-02 5.49803637e-02
        1.19600138e-02 7.31881475e-03 4.10567643e-03 5.17672254e-03
        7.14030676e-03 6.06926112e-03 0. 1.73509464e-01</data></histogram></_>
  <_><id>3</id>
    <height>8.9068651199340820e-02</height>
    <contour2d>
      5.04694462e-01 3.87698449e-02 5.02206981e-01 3.92005593e-02
      4.98797566e-01 3.91343422e-02 4.93375033e-01 3.67394276e-02
      4.51046526e-01 1.66795328e-02 4.01080400e-01 -1.18673500e-02
      3.96788001e-01 -1.68314707e-02 3.93501759e-01 -2.15929486e-02
      3.93100828e-01 -2.28832234e-02 3.93317401e-01 -2.62033418e-02
      3.97566974e-01 -3.81712988e-02 4.11226481e-01 -6.72684610e-02
      4.14954960e-01 -6.64895549e-02 4.92073894e-01 -1.99149456e-02
      5.04981995e-01 -1.19329225e-02 5.12604833e-01 -6.75243465e-03
      5.17125189e-01 -1.43049075e-03 5.19585431e-01 1.91173106e-02
      5.19390941e-01 2.01257076e-02 5.18357217e-01 2.22834032e-02</contour2d>
    <histogram type_id="opencv-matrix">
      <rows>20</rows>
      <cols>1</cols>
      <dt>f</dt>
      <data>
        2.53228680e-03 5.82425948e-03 4.55811620e-03 2.73486972e-02
        1.83084339e-01 1.70169666e-01 6.73588291e-02 5.74829094e-02
        4.76069897e-02 7.36895427e-02 7.47024566e-02 1.69663206e-02
        5.31780208e-03 1.77260069e-03 1.77260069e-03 1.77260069e-03
        2.78551551e-03 2.27905810e-03 0. 2.52975434e-01</data></histogram></_>
  <_><id>4</id>
    <height>9.1821432113647461e-02</height>
    <contour2d>
      4.73681808e-01 -9.04973373e-02 4.75076258e-01 -8.75907987e-02
      4.75541085e-01 -8.56524408e-02 4.77825552e-01 -6.34798259e-02
      4.71565574e-01 -5.12120761e-02 4.49826181e-01 -1.69087835e-02
      4.47186142e-01 -1.40834879e-02 3.95833313e-01 2.97341533e-02
      3.94770324e-01 3.02133765e-02 3.93935651e-01 3.02145928e-02
      3.85195941e-01 1.74417943e-02 3.73954266e-01 5.50977478e-04
      3.69751781e-01 -6.81729335e-03 3.69020730e-01 -9.86398105e-03
      3.68479222e-01 -1.32494373e-02 3.69259059e-01 -1.40639069e-02
      3.77610236e-01 -2.07703989e-02 4.10560101e-01 -4.65244763e-02
      4.31897819e-01 -6.26905337e-02 4.70839530e-01 -9.06696394e-02</contour2d>
    <histogram type_id="opencv-matrix">
      <rows>20</rows>
      <cols>1</cols>
      <dt>f</dt>
      <data>
        1.30293157e-03 1.52008678e-03 4.99457121e-03 1.36807812e-02
        1.33767635e-01 1.97611287e-01 9.77198705e-02 9.09880549e-02
        9.70683992e-02 8.16503763e-02 7.90445134e-02 1.41150923e-02
        3.04017356e-03 1.73724210e-03 1.08577637e-03 1.95439742e-03
        3.47448420e-03 4.99457121e-03 0. 1.70249730e-01</data></histogram></_>
  <_><id>5</id>
    <height>9.3532562255859375e-02</height>
    <contour2d>
      4.77958053e-01 -7.68902674e-02 4.82599825e-01 -7.30822831e-02
      4.84436750e-01 -7.01394975e-02 4.84436750e-01 -6.80861622e-02
      4.83582497e-01 -5.46380132e-02 4.78942692e-01 7.78355822e-03
      4.76377189e-01 3.39375585e-02 4.73331273e-01 6.07970171e-02
      4.72477019e-01 6.16813712e-02 4.69335586e-01 6.24445342e-02
      4.55383837e-01 6.39364123e-02 4.30581152e-01 6.48669451e-02
      4.29992139e-01 6.46187812e-02 4.29429144e-01 6.39893264e-02
      4.28851366e-01 5.90031072e-02 4.28785235e-01 4.25618589e-02
      4.31252986e-01 3.61661403e-03 4.37967390e-01 -7.13230968e-02
      4.39610273e-01 -7.37070069e-02 4.41612452e-01 -7.45449215e-02</contour2d>
    <histogram type_id="opencv-matrix">
      <rows>20</rows>
      <cols>1</cols>
      <dt>f</dt>
      <data>
        2.37680227e-03 3.01061640e-03 9.19030234e-03 8.08112789e-03
        6.19553141e-02 2.58754551e-01 1.22326098e-01 8.36634412e-02
        8.27127248e-02 1.15671046e-01 8.14450979e-02 1.74298845e-02
        4.11979062e-03 4.11979062e-03 3.64443031e-03 5.38741890e-03
        1.09332912e-02 7.92267453e-03 1.58453491e-04 1.17097132e-01</data></histogram></_>
  <_><id>7</id>
    <height>9.2409491539001465e-02</height>
    <contour2d>
      5.31369388e-01 -7.19048530e-02 5.36134064e-01 -6.46601617e-02
      5.36281526e-01 -5.69353737e-02 5.35760105e-01 -5.58469966e-02
      4.56197083e-01 3.88013907e-02 4.53238338e-01 3.88057008e-02
      4.46796447e-01 3.55993174e-02 4.22792107e-01 1.60392597e-02
      4.19749320e-01 7.88369775e-03 4.19619203e-01 7.02505140e-03
      4.20102715e-01 -1.18588028e-03 4.20445651e-01 -2.12479732e-03
      4.28118259e-01 -1.22916754e-02 4.60842133e-01 -4.63885628e-02
      5.04751563e-01 -9.16558877e-02 5.06128192e-01 -9.28743258e-02
      5.08144557e-01 -9.28772688e-02 5.11169016e-01 -9.18302462e-02</contour2d>
    <histogram type_id="opencv-matrix">
      <rows>20</rows>
      <cols>1</cols>
      <dt>f</dt>
      <data>
        8.55498575e-03 1.58656090e-02 2.05319654e-02 2.17763260e-02
        2.59604931e-01 1.86032042e-01 5.22631854e-02 3.96640226e-02
        3.26644890e-02 5.19520938e-02 1.05926275e-01 4.23082933e-02
        8.71053059e-03 3.42199416e-03 1.71099708e-03 9.33271134e-04
        2.64426833e-03 6.37735287e-03 0. 1.39057398e-01</data></histogram></_>
  <_><id>8</id>
    <height>9.3343615531921387e-02</height>
    <contour2d>
      7.72345066e-01 -5.57325780e-01 7.72672892e-01 -5.36410153e-01
      7.68590450e-01 -5.28745353e-01 7.63696671e-01 -5.21576881e-01
      7.57616282e-01 -5.14446914e-01 7.25077868e-01 -4.95883286e-01
      7.23630190e-01 -4.95859712e-01 6.90288723e-01 -5.29299736e-01
      6.89289331e-01 -5.30770719e-01 6.89260781e-01 -5.32590568e-01
      6.90163016e-01 -5.47529697e-01 6.92904174e-01 -5.51056743e-01
      7.00812936e-01 -5.53516030e-01</contour2d>
    <histogram type_id="opencv-matrix">
      <rows>20</rows>
      <cols>1</cols>
      <dt>f</dt>
      <data>
        8.86814445e-02 1.47024512e-01 7.23453909e-02 3.50058358e-03
        3.50058358e-03 2.33372231e-03 0. 0. 0. 0. 1.16686116e-03
        3.50058358e-03 2.33372231e-03 7.00116716e-03 8.16802774e-03
        1.75029170e-02 2.45040841e-02 4.31738645e-02 0. 5.75262547e-01</data></histogram></_>
  <_><id>9</id>
    <height>1.0275965929031372e-01</height>
    <contour2d>
