<?xml version="1.0"?>
<opencv_storage>
<obj>
  <_><id>1</id>
    <height>9.7971558570861816e-02</height>
    <contour2d>
      5.31254947e-01 1.08949870e-01 5.03682673e-01 1.12127461e-01
      4.83535171e-01 1.12535112e-01 4.82767165e-01 1.11509167e-01
      4.81419116e-01 1.07026890e-01 4.69715387e-01 -2.39481069e-02
      4.69715387e-01 -2.52642948e-02 5.08840799e-01 -2.59049311e-02
      5.15242755e-01 -2.20155381e-02 5.17965317e-01 -5.72780333e-03
      5.25462747e-01 5.03798686e-02 5.31254888e-01 1.06184155e-01</contour2d>
    <histogram type_id="opencv-matrix">
      <rows>20</rows>
      <cols>1</cols>
      <dt>f</dt>
      <data>
        2.42114626e-02 6.68591782e-02 7.79653490e-02 4.36472684e-01
        2.16126174e-01 7.99644645e-03 2.88760546e-03 2.44335853e-03
        2.22123507e-03 2.22123507e-03 5.33096399e-03 9.77343414e-03
        6.88582845e-03 5.10884076e-03 6.44158153e-03 5.33096399e-03
        8.66281707e-03 1.28831631e-02 0. 1.00177698e-01</data></histogram></_>
  <_><id>2</id>
    <height>1.0153830051422119e-01</height>
    <contour2d>
      5.69866180e-01 7.37672374e-02 5.67715585e-01 7.80430064e-02
      5.64519107e-01 8.19877908e-02 5.16160488e-01 8.18853453e-02
      4.39915389e-01 7.74191618e-02 4.35398042e-01 6.99554384e-02
      4.35072035e-01 3.96819934e-02 4.35991466e-01 3.29951458e-02
      4.37395215e-01 2.54783835e-02 4.39246088e-01 2.35933717e-02
      4.41403478e-01 2.23330278e-02 4.42405432e-01 2.23323330e-02
      5.61331034e-01 3.07782758e-02 5.68080842e-01 3.52521911e-02
      5.69154680e-01 4.23657335e-02 5.70228577e-01 5.51707000e-02
      5.70228636e-01 7.08221272e-02</contour2d>
    <histogram type_id="opencv-matrix">
      <rows>20</rows>
      <cols>1</cols>
      <dt>f</dt>
      <data>
        5.95238106e-03 6.27976209e-02 7.47023821e-02 3.80654782e-01
        2.85119057e-01 1.39880953e-02 2.08333344e-03 1.78571441e-03
        8.92857206e-04 2.38095247e-03 7.14285765e-03 7.73809571e-03
        3.27380956e-03 5.95238106e-03 1.78571441e-03 5.95238118e-04
        5.95238118e-04 0. 0. 1.42559528e-01</data></histogram></_>
  <_><id>3</id>
    <height>9.8587810993194580e-02</height>
    <contour2d>
      5.16222954e-01 1.27911642e-01 4.72427309e-01 1.30979300e-01
      4.69455898e-01 1.30981356e-01 4.68465447e-01 1.29669666e-01
      4.75051403e-01 -8.44075438e-03 4.76640284e-01 -9.88506991e-03
      5.02734125e-01 -1.24149937e-02 5.14164031e-01 -1.25592574e-02
      5.16938865e-01 -8.44709203e-03 5.18281162e-01 -5.74306119e-03
      5.19310474e-01 -2.88537529e-04 5.19983172e-01 3.52196582e-02
      5.20294905e-01 1.07903428e-01 5.19983351e-01 1.22625344e-01</contour2d>
    <histogram type_id="opencv-matrix">
      <rows>20</rows>
      <cols>1</cols>
      <dt>f</dt>
      <data>
        2.51922570e-02 3.20869796e-02 6.70909584e-02 2.04720229e-01
        2.43967116e-01 7.71678612e-02 8.75099469e-03 4.77326941e-03
        4.24290635e-03 6.62954105e-03 1.03420839e-02 1.00769028e-02
        1.19331740e-02 7.15990458e-03 3.71254305e-03 4.24290635e-03
        7.95544963e-03 1.03420839e-02 0. 2.59612828e-01</data></histogram></_>
  <_><id>4</id>
    <height>1.0284310579299927e-01</height>
    <contour2d>
      5.84607840e-01 8.34113508e-02 5.81358135e-01 9.17104483e-02
      5.78835607e-01 9.57710370e-02 5.65933287e-01 9.64365229e-02
      5.34342229e-01 9.69023183e-02 4.50225502e-01 9.61599573e-02
      4.46596384e-01 9.15847719e-02 4.45243448e-01 8.39496180e-02
      4.45243448e-01 8.13591406e-02 4.46868688e-01 4.31934074e-02
      4.47665423e-01 4.17545624e-02 4.78017539e-01 4.17946056e-02
      5.66660941e-01 4.50910740e-02 5.74873805e-01 4.69451249e-02
      5.79187334e-01 4.85691018e-02 5.80991268e-01 5.72727099e-02
      5.83518147e-01 7.18616322e-02 5.84607840e-01 8.19675401e-02</contour2d>
    <histogram type_id="opencv-matrix">
      <rows>20</rows>
      <cols>1</cols>
      <dt>f</dt>
      <data>
        3.01810866e-03 4.56069745e-02 6.53923526e-02 2.38765925e-01
        4.28906769e-01 2.88397036e-02 8.04828946e-03 6.37156237e-03
        3.01810866e-03 5.70087181e-03 4.02414473e-03 3.68879922e-03
        2.01207236e-03 4.02414473e-03 3.35345394e-03 3.35345394e-04
        2.34741764e-03 6.70690788e-04 0. 1.45875245e-01</data></histogram></_>
  <_><id>5</id>
    <height>1.0263466835021973e-01</height>
    <contour2d>
      5.30574918e-01 2.17997879e-02 5.38912714e-01 3.69844884e-02
      5.39940059e-01 4.26850244e-02 5.38893521e-01 4.54590842e-02
      5.35786092e-01 5.21771237e-02 4.89430010e-01 1.15730532e-01
      4.65603888e-01 1.43478960e-01 4.62645411e-01 1.43481016e-01
      4.59440053e-01 1.43063992e-01 4.37618494e-01 1.34865552e-01
      4.34277475e-01 1.31163210e-01 4.30789053e-01 1.20088354e-01
      4.29941624e-01 1.17027260e-01 4.29823041e-01 1.14969023e-01
      4.31185097e-01 1.11791335e-01 4.41244453e-01 9.64014903e-02
      4.52016801e-01 8.08571875e-02 4.72782403e-01 5.20396121e-02
      5.04119635e-01 9.40296613e-03 5.07389188e-01 9.36040562e-03
      5.09100199e-01 9.86965373e-03</contour2d>
    <histogram type_id="opencv-matrix">
      <rows>20</rows>
      <cols>1</cols>
      <dt>f</dt>
      <data>
        2.34056264e-02 4.27313745e-02 5.21795154e-02 3.68048102e-01
        3.04273158e-01 2.21172441e-02 2.36203568e-03 3.00622731e-03
        2.79149669e-03 4.50934097e-03 9.01868194e-03 1.26691004e-02
        1.26691004e-02 9.66287311e-03 4.50934097e-03 4.07987973e-03
        3.43568833e-03 9.01868194e-03 0. 1.09512568e-01</data></histogram></_>
  <_><id>6</id>
    <height>1.0059583187103271e-01</height>
    <contour2d>
      5.58131218e-01 1.05687141e-01 5.38490474e-01 1.21002600e-01
      5.30575216e-01 1.26752138e-01 5.28054476e-01 1.27455249e-01
      5.26791990e-01 1.27604246e-01 5.21654010e-01 1.26591384e-01
      5.02536654e-01 1.02643698e-01 4.57184881e-01 4.27247956e-02
      4.52828735e-01 3.52921374e-02 4.48022991e-01 2.57765800e-02
      4.46733326e-01 2.16472577e-02 4.47705090e-01 1.52084911e-02
      4.52037632e-01 7.67574972e-03 4.63054031e-01 -1.58090179e-03
      4.73164111e-01 -7.29240803e-03 4.79072213e-01 -1.01249684e-02
      4.80136007e-01 -1.01257050e-02 5.62036812e-01 9.73359570e-02
      5.62377214e-01 9.90178362e-02</contour2d>
    <histogram type_id="opencv-matrix">
      <rows>20</rows>
      <cols>1</cols>
      <dt>f</dt>
      <data>
        1.74372513e-02 5.83883747e-02 6.73712045e-02 2.66050190e-01
        3.74108315e-01 2.56274771e-02 6.60501979e-03 4.22721263e-03
        2.37780716e-03 4.22721263e-03 7.92602357e-03 8.98282696e-03
        7.92602357e-03 5.54821640e-03 3.69881094e-03 3.69881094e-03
        5.28401602e-03 7.66182272e-03 0. 1.22853369e-01</data></histogram></_>
  <_><id>7</id>
    <height>9.8560512065887451e-02</height>
    <contour2d>
      5.48632979e-01 8.80131200e-02 5.20375848e-01 1.07544132e-01
      5.14288008e-01 1.05682209e-01 5.13235688e-01 1.04288660e-01
      4.36803013e-01 -2.33441517e-02 4.36803013e-01 -2.71955766e-02
      4.37771916e-01 -2.84800585e-02 4.64592159e-01 -3.42508480e-02
      4.86044049e-01 -3.63184102e-02 4.89344269e-01 -3.64233553e-02
      4.91082639e-01 -3.63219008e-02 4.94105786e-01 -3.49887609e-02
      5.04110038e-01 -2.31722333e-02 5.38893521e-01 4.82324176e-02
      5.47244608e-01 6.68024644e-02 5.51807046e-01 7.95994997e-02
      5.51807106e-01 8.24033096e-02</contour2d>
    <histogram type_id="opencv-matrix">
      <rows>20</rows>
      <cols>1</cols>
      <dt>f</dt>
      <data>
        8.05436727e-03 3.62446532e-02 1.04455076e-01 2.90460616e-01
        3.39793622e-01 4.12786305e-02 1.00679593e-02 6.79587247e-03
        6.54417323e-03 4.78228042e-03 8.05436727e-03 8.55776481e-03
        4.02718363e-03 4.53058165e-03 7.55096902e-04 1.00679591e-03
        2.51698983e-03 8.55776481e-03 0. 1.13516241e-01</data></histogram></_>
  <_><id>8</id>
    <height>1.0066467523574829e-01</height>
    <contour2d>
      5.38856864e-01 -3.09329517e-02 5.42009354e-01 -2.81503741e-02
