<?xml version="1.0"?>
<opencv_storage>
<obj>
  <_><id>1</id>
    <height>1.7779499292373657e-01</height>
    <contour2d>
      5.80306470e-01 7.96736963e-03 5.91399133e-01 1.63716115e-02
      5.91399133e-01 2.05487534e-02 5.84940970e-01 7.31605366e-02
      5.82992494e-01 7.62497932e-02 5.79840004e-01 7.76443556e-02
      5.67052722e-01 7.97745213e-02 5.66010475e-01 7.97752440e-02
      5.56302547e-01 7.71268234e-02 5.49653053e-01 6.86660483e-02
      5.44720411e-01 5.84196672e-02 5.42000234e-01 5.03684208e-02
      5.40597498e-01 3.93025279e-02 5.40546298e-01 3.64165530e-02
      5.40867031e-01 2.95743309e-02 5.51777601e-01 6.72935974e-03
      5.59919655e-01 5.32382308e-03 5.66225410e-01 5.41207567e-03</contour2d>
    <histogram type_id="opencv-matrix">
      <rows>20</rows>
      <cols>1</cols>
      <dt>f</dt>
      <data>
        3.67747210e-02 5.17570153e-02 1.74339414e-02 8.44456535e-03
        8.17216001e-04 5.44810668e-04 0. 0. 2.72405334e-04 0.
        2.72405334e-04 5.55706881e-02 4.94688094e-01 1.59629524e-01
        7.02805743e-02 3.32334489e-02 3.48678827e-02 2.61509120e-02
        4.90329601e-03 4.35848534e-03</data></histogram></_>
  <_><id>2</id>
    <height>1.7084115743637085e-01</height>
    <contour2d>
      5.71962118e-01 3.90015007e-03 5.76561034e-01 4.17019520e-03
      5.83738267e-01 5.24559012e-03 5.95186174e-01 9.47425142e-03
      5.96653342e-01 1.63679738e-02 5.96653342e-01 2.05451176e-02
      5.93671501e-01 7.09646046e-02 5.92012227e-01 7.53659531e-02
      5.87897420e-01 8.13081414e-02 5.80051720e-01 8.10924321e-02
      5.68430066e-01 7.57941008e-02 5.60477197e-01 6.60610795e-02
      5.58389843e-01 6.32968172e-02 5.56238413e-01 5.89037240e-02
      5.55199027e-01 5.61501570e-02 5.52080989e-01 4.51351739e-02
      5.51935434e-01 4.06603925e-02 5.52157521e-01 3.57928574e-02
      5.54253459e-01 2.88485549e-02 5.57397306e-01 2.19035223e-02
      5.60477018e-01 1.62782352e-02 5.69456816e-01 5.29406685e-03</contour2d>
    <histogram type_id="opencv-matrix">
      <rows>20</rows>
      <cols>1</cols>
      <dt>f</dt>
      <data>
        3.23731154e-02 3.07270233e-02 4.66392329e-03 2.19478738e-03
        5.48696844e-04 0. 2.74348422e-04 2.74348422e-04 0. 0.
        2.74348422e-04 5.18518500e-02 5.86556911e-01 1.43484220e-01
        6.69410154e-02 3.18244174e-02 2.46913582e-02 1.70096029e-02
        1.37174211e-03 4.93827183e-03</data></histogram></_>
  <_><id>3</id>
    <height>1.5813660621643066e-01</height>
    <contour2d>
      5.80219746e-01 4.20835614e-03 5.84537029e-01 4.19374043e-03
      5.97151995e-01 6.70757284e-03 6.03832424e-01 1.65466554e-02
      6.05662227e-01 2.07969155e-02 6.05662286e-01 2.22064387e-02
      6.01534486e-01 6.97517470e-02 6.00645542e-01 7.28536099e-02
      5.99583209e-01 7.56695792e-02 5.90022147e-01 8.13066661e-02
      5.89064181e-01 8.16390589e-02 5.85864246e-01 8.16412717e-02
      5.81523359e-01 7.99049363e-02 5.75976253e-01 7.66382515e-02
      5.68397522e-01 7.12738335e-02 5.62692821e-01 6.24258555e-02
      5.59262037e-01 4.76841889e-02 5.58832407e-01 4.49743867e-02
      5.58634937e-01 4.09419648e-02 5.58862209e-01 3.61852013e-02
      5.59433460e-01 3.14903855e-02 5.60477078e-01 2.73410920e-02
      5.73711097e-01 8.34082067e-03 5.76661646e-01 5.54377772e-03</contour2d>
    <histogram type_id="opencv-matrix">
      <rows>20</rows>
      <cols>1</cols>
      <dt>f</dt>
      <data>
        1.10826939e-02 1.42085813e-02 3.12588806e-03 2.84171634e-04 0.
        0. 0. 2.84171634e-04 1.13668654e-03 5.68343268e-04
        1.70502975e-03 6.25177622e-02 6.03012204e-01 1.71355501e-01
        5.59818111e-02 3.46689411e-02 2.38704178e-02 1.33560672e-02
        2.84171634e-04 2.55754474e-03</data></histogram></_>
  <_><id>4</id>
    <height>1.8415647745132446e-01</height>
    <contour2d>
      5.88838160e-01 7.67700523e-02 5.79315841e-01 7.67766461e-02
      5.69793582e-01 7.25775287e-02 5.67292571e-01 7.09828660e-02
      5.60588241e-01 6.10330291e-02 5.57192028e-01 5.17999083e-02
      5.55670500e-01 4.56363335e-02 5.55326760e-01 3.87281068e-02
      5.55326760e-01 3.59395370e-02 5.55670500e-01 3.17125283e-02
      5.56238353e-01 2.99837291e-02 5.59535861e-01 2.19937675e-02
      5.62564373e-01 1.62767917e-02 5.69006383e-01 5.25578810e-03
      5.75890362e-01 1.12026674e-03 5.99419892e-01 2.48915865e-03
      6.00002289e-01 1.78326201e-02 6.01241052e-01 6.28282428e-02
      6.00645542e-01 7.00383708e-02</contour2d>
    <histogram type_id="opencv-matrix">
      <rows>20</rows>
      <cols>1</cols>
      <dt>f</dt>
      <data>
        1.63891092e-02 2.88131107e-02 3.96510679e-03 7.93021405e-04
        7.93021405e-04 5.28680917e-04 2.64340459e-04 0. 0.
        2.64340459e-04 1.05736183e-03 5.78905605e-02 6.40496910e-01
        1.51467085e-01 4.67882603e-02 1.63891092e-02 1.40100447e-02
        8.98757577e-03 5.55114960e-03 5.55114960e-03</data></histogram></_>
  <_><id>5</id>
    <height>1.8332111835479736e-01</height>
    <contour2d>
      6.07357800e-01 6.91867024e-02 5.95147669e-01 7.18387589e-02
      5.93011498e-01 7.18402416e-02 5.80272734e-01 6.87016845e-02
      5.77730954e-01 6.73549697e-02 5.75931311e-01 6.58284873e-02
      5.69456935e-01 5.44273891e-02 5.63685179e-01 4.27277349e-02
      5.63026428e-01 3.58845815e-02 5.63685179e-01 2.88420264e-02
      5.64797282e-01 2.19901260e-02 5.75228572e-01 -3.24372464e-04
      5.77561021e-01 -1.78114779e-03 5.89705467e-01 -4.56345966e-03
      5.92146635e-01 -4.55953460e-03 5.97151935e-01 -3.15909088e-03
      6.00797236e-01 -1.75570219e-03 6.04894757e-01 3.87735292e-03
      6.07019424e-01 8.09873827e-03 6.07964754e-01 6.19232282e-02</contour2d>
    <histogram type_id="opencv-matrix">
      <rows>20</rows>
      <cols>1</cols>
      <dt>f</dt>
      <data>
        4.18978930e-02 4.82796915e-02 1.83129869e-02 5.54938987e-03
        2.21975590e-03 5.54938975e-04 5.54938975e-04 2.77469488e-04 0.
        5.54938975e-04 2.49722530e-03 8.07436183e-02 4.78634864e-01
        1.48723647e-01 6.07658178e-02 3.21864597e-02 3.02441735e-02
        3.69034410e-02 5.82685927e-03 5.27192047e-03</data></histogram></_></obj>
</opencv_storage>
