<?xml version="1.0"?>
<opencv_storage>
<trainning_ids>
  <blue>
    <huemin>95</huemin>
    <huemax>109</huemax>
    <satmin>67</satmin>
    <satmax>210</satmax>
    <valmin>127</valmin>
    <valmax>232</valmax>
    <eigen_val>
      1.1105901307212273e+03 4.3847603184966124e+02</eigen_val>
    <eigen_vec>
      9.7646866549294487e-01 2.1565932697295387e-01
      -2.1565932697295387e-01 9.7646866549294487e-01</eigen_vec>
    <min_area>657.</min_area>
    <max_area>5.6015000000000000e+03</max_area></blue>
  <green>
    <huemin>34</huemin>
    <huemax>66</huemax>
    <satmin>76</satmin>
    <satmax>254</satmax>
    <valmin>105</valmin>
    <valmax>209</valmax>
    <eigen_val>
      1.1987620335911645e+03 6.6595324418661301e+02</eigen_val>
    <eigen_vec>
      9.9810354639230670e-01 -6.1557377129798543e-02
      6.1557377129798543e-02 9.9810354639230670e-01</eigen_vec>
    <min_area>-1.0000000000000000e+18</min_area>
    <max_area>5.5095000000000000e+03</max_area></green>
  <orange>
    <huemin>0</huemin>
    <huemax>14</huemax>
    <satmin>121</satmin>
    <satmax>237</satmax>
    <valmin>145</valmin>
    <valmax>235</valmax>
    <eigen_val>
      1.5302203107935463e+03 9.4735718920645365e+02</eigen_val>
    <eigen_vec>
      9.4981608379060034e-01 -3.1280889848705923e-01
      3.1280889848705923e-01 9.4981608379060034e-01</eigen_vec>
    <min_area>657.</min_area>
    <max_area>8.5225000000000000e+03</max_area></orange>
  <purple>
    <huemin>140</huemin>
    <huemax>157</huemax>
    <satmin>59</satmin>
    <satmax>241</satmax>
    <valmin>87</valmin>
    <valmax>184</valmax>
    <eigen_val>
      7.2536423594420171e+02 4.9349687516690921e+02</eigen_val>
    <eigen_vec>
      9.6698229783964706e-01 2.5484355135014902e-01
      -2.5484355135014902e-01 9.6698229783964706e-01</eigen_vec>
    <min_area>1.1005000000000000e+03</min_area>
    <max_area>3712.</max_area></purple>
  <red>
    <huemin>162</huemin>
    <huemax>177</huemax>
    <satmin>102</satmin>
    <satmax>249</satmax>
    <valmin>136</valmin>
    <valmax>193</valmax>
    <eigen_val>
      1.7247258375556330e+03 9.7813806776981096e+02</eigen_val>
    <eigen_vec>
      8.6622061833080022e-01 4.9966172594927249e-01
      -4.9966172594927249e-01 8.6622061833080022e-01</eigen_vec>
    <min_area>8.1850000000000000e+02</min_area>
    <max_area>8042.</max_area></red>
  <yellow>
    <huemin>23</huemin>
    <huemax>31</huemax>
    <satmin>104</satmin>
    <satmax>254</satmax>
    <valmin>165</valmin>
    <valmax>234</valmax>
    <eigen_val>
      9.8341661352475410e+02 5.6009817937465436e+02</eigen_val>
    <eigen_vec>
      9.9611068265266245e-01 -8.8110770654029946e-02
      8.8110770654029946e-02 9.9611068265266245e-01</eigen_vec>
    <min_area>1.0455000000000000e+03</min_area>
    <max_area>4808.</max_area></yellow></trainning_ids>
</opencv_storage>
