<?xml version="1.0"?>
<opencv_storage>
<obj>
  <_><id>1</id>
    <height>2.3407220840454102e-02</height>
    <contour2d>
      3.75905752e-01 5.19802794e-02 3.55996609e-01 5.67628965e-02
      3.36909592e-01 5.63625023e-02 3.32835495e-01 5.48017807e-02
      3.31311643e-01 5.35075031e-02 3.29484880e-01 4.91006896e-02
      3.27952862e-01 4.20753993e-02 3.27952802e-01 2.77826358e-02
      3.28367889e-01 2.34369580e-02 3.35388482e-01 1.63839702e-02
      3.38419735e-01 1.48757827e-02 3.39536607e-01 1.48750767e-02
      3.47356915e-01 1.64166391e-02 3.67024422e-01 2.24197283e-02
      3.79054546e-01 2.86686048e-02 3.81013393e-01 3.02150287e-02
      3.81013393e-01 3.46539356e-02 3.78204763e-01 4.75763828e-02</contour2d>
    <histogram type_id="opencv-matrix">
      <rows>20</rows>
      <cols>1</cols>
      <dt>f</dt>
      <data>
        5.01319282e-02 7.51978904e-02 3.03430092e-02 5.27704507e-03
        1.31926127e-03 1.31926127e-03 0. 1.31926127e-03 0. 0.
        6.59630634e-03 1.31926127e-03 1.31926127e-03 2.63852254e-03
        5.27704507e-03 1.05540901e-02 2.24274416e-02 3.03430092e-02 0.
        7.54617453e-01</data></histogram></_>
  <_><id>2</id>
    <height>2.6943683624267578e-02</height>
    <contour2d>
      3.63242447e-01 6.44854549e-03 3.66241038e-01 2.52663419e-02
      3.66241038e-01 2.81665567e-02 3.55232179e-01 4.94447798e-02
      3.49202394e-01 5.86297698e-02 3.46930563e-01 5.86312078e-02
      3.43195319e-01 5.83516471e-02 3.39877844e-01 5.79308644e-02
      3.29580605e-01 5.44018038e-02 3.25713694e-01 4.92231920e-02
      3.23900461e-01 4.48268205e-02 3.23900461e-01 3.76978070e-02
      3.27363133e-01 2.89263204e-02 3.37952435e-01 7.82463327e-03
      3.41335714e-01 4.94309142e-03 3.46586585e-01 2.06589676e-03
      3.50357711e-01 6.18312624e-04 3.51485491e-01 6.17599930e-04
      3.56776655e-01 2.07595481e-03</contour2d>
    <histogram type_id="opencv-matrix">
      <rows>20</rows>
      <cols>1</cols>
      <dt>f</dt>
      <data>
        4.79360819e-02 6.52463362e-02 1.86418109e-02 3.99467349e-03
        2.66311574e-03 0. 0. 0. 1.33155787e-03 0. 1.33155787e-03
        1.33155787e-03 0. 1.33155787e-03 5.32623148e-03 1.46471364e-02
        1.99733675e-02 2.79627144e-02 0. 7.88282275e-01</data></histogram></_>
  <_><id>3</id>
    <height>2.6721715927124023e-02</height>
    <contour2d>
      3.57915461e-01 6.31259754e-02 3.51474226e-01 6.29786700e-02
      3.41335833e-01 5.67721613e-02 3.30293179e-01 3.89279686e-02
      3.23900402e-01 2.05881633e-02 3.22928250e-01 1.61906816e-02
      3.22928250e-01 1.47752957e-02 3.24036956e-01 1.33592058e-02
      3.26958835e-01 1.05529493e-02 3.33234131e-01 4.88598226e-03
      3.39877725e-01 4.91912058e-03 3.51857066e-01 1.06689120e-02
      3.54107082e-01 1.21036898e-02 3.56760859e-01 1.50479879e-02
      3.62763047e-01 2.36456189e-02 3.70440364e-01 3.54998708e-02
      3.70440364e-01 3.98606583e-02 3.65457714e-01 5.41386232e-02
      3.64674270e-01 5.54517247e-02</contour2d>
    <histogram type_id="opencv-matrix">
      <rows>20</rows>
      <cols>1</cols>
      <dt>f</dt>
      <data>
        7.48387128e-02 5.67741953e-02 2.58064531e-02 5.16129052e-03
        1.29032263e-03 0. 0. 0. 0. 1.29032263e-03 0. 2.58064526e-03
        5.16129052e-03 2.58064526e-03 1.03225810e-02 1.16129033e-02
        1.03225810e-02 3.22580673e-02 0. 7.60000050e-01</data></histogram></_>
  <_><id>4</id>
    <height>2.5098085403442383e-02</height>
    <contour2d>
      3.74311686e-01 4.58919629e-02 3.67024541e-01 5.29451147e-02
      3.63191307e-01 5.41400574e-02 3.61331344e-01 5.44023104e-02
      3.59054029e-01 5.44037484e-02 3.43261540e-01 5.32388762e-02
      3.36510897e-01 5.07692471e-02 3.27532351e-01 4.21784185e-02
      3.26410115e-01 4.07463722e-02 3.23474467e-01 3.63611244e-02
      3.22783589e-01 3.05695012e-02 3.21819544e-01 1.90221332e-02
      3.21819544e-01 1.76067688e-02 3.41000080e-01 1.20821595e-02
      3.46603870e-01 1.19891809e-02 3.63608479e-01 1.22467484e-02
      3.65525126e-01 1.37324184e-02 3.72717619e-01 2.82304846e-02
      3.74656022e-01 3.99537981e-02</contour2d>
    <histogram type_id="opencv-matrix">
      <rows>20</rows>
      <cols>1</cols>
      <dt>f</dt>
      <data>
        5.70388362e-02 5.58252446e-02 1.82038844e-02 6.06796145e-03 0.
        0. 2.42718449e-03 0. 1.21359224e-03 0. 0. 1.21359224e-03
        4.85436898e-03 7.28155347e-03 3.64077673e-03 9.70873795e-03
        1.82038844e-02 3.15533988e-02 0. 7.82766998e-01</data></histogram></_>
  <_><id>5</id>
    <height>2.8992712497711182e-02</height>
    <contour2d>
      3.62413287e-01 1.36012416e-02 3.64674211e-01 1.64861605e-02
      3.67376924e-01 2.67157182e-02 3.68512869e-01 3.25154848e-02
      3.68512869e-01 3.39655802e-02 3.63608599e-01 4.85864878e-02
      3.38673413e-01 5.83545044e-02 3.29072475e-01 5.92260174e-02
      3.25017393e-01 5.76583371e-02 3.19864452e-01 5.04089892e-02
      3.19864392e-01 3.90303656e-02 3.20290267e-01 3.60965654e-02
      3.27086151e-01 1.74504723e-02 3.41033161e-01 1.19927013e-02
      3.49606931e-01 9.23410431e-03 3.57124269e-01 1.06919231e-02
      3.60924840e-01 1.21888192e-02</contour2d>
    <histogram type_id="opencv-matrix">
      <rows>20</rows>
      <cols>1</cols>
      <dt>f</dt>
      <data>
        6.27962127e-02 2.48815175e-02 1.89573467e-02 5.92417084e-03
        3.55450250e-03 0. 0. 0. 0. 1.18483417e-03 3.55450250e-03
        5.92417084e-03 4.73933667e-03 5.92417084e-03 2.36966833e-03
        1.06635075e-02 8.29383917e-03 3.19905207e-02 0. 8.09241712e-01</data></histogram></_>
  <_><id>6</id>
    <height>2.3249208927154541e-02</height>
    <contour2d>
      3.55630457e-01 1.64918751e-02 3.55996549e-01 1.78911127e-02
      3.58252048e-01 3.37263234e-02 3.58252048e-01 3.66057307e-02
      3.57891440e-01 3.95811684e-02 3.53741109e-01 5.53246252e-02
      3.50726247e-01 6.42744154e-02 3.43591332e-01 6.97280020e-02
      3.40208113e-01 7.11698383e-02 3.39080334e-01 7.11705461e-02
      3.31718624e-01 6.62089288e-02 3.28368008e-01 6.33594245e-02
      3.24736118e-01 5.87954596e-02 3.19602251e-01 5.01619689e-02
      3.20710897e-01 2.75151357e-02 3.22928309e-01 1.90214328e-02
      3.28367889e-01 1.48821343e-02 3.30601633e-01 1.34549150e-02
      3.39536607e-01 1.05976788e-02 3.47354710e-01 1.05927382e-02
      3.51857066e-01 1.35413408e-02</contour2d>
    <histogram type_id="opencv-matrix">
      <rows>20</rows>
      <cols>1</cols>
      <dt>f</dt>
      <data>
        5.54885417e-02 4.82509062e-02 2.53317244e-02 7.23763555e-03 0.
        0. 0. 0. 0. 0. 4.82509052e-03 4.82509052e-03 6.03136327e-03
        7.23763555e-03 6.03136327e-03 6.03136327e-03 2.17129067e-02
        1.56815443e-02 0. 7.91314840e-01</data></histogram></_>
  <_><id>7</id>
    <height>2.5921881198883057e-02</height>
    <contour2d>
      3.57915461e-01 6.31259754e-02 3.56017888e-01 6.44259155e-02
      3.52992594e-01 6.57196194e-02 3.42463613e-01 6.68493360e-02
      3.39080334e-01 6.68514743e-02 3.36412489e-01 6.55717775e-02
      3.31606567e-01 6.23857118e-02 3.17465305e-01 4.99779321e-02
      3.16360652e-01 4.85684499e-02 3.11023057e-01 3.98129448e-02
      3.11023057e-01 3.70134562e-02 3.11697543e-01 3.14924605e-02
      3.13474059e-01 2.73496639e-02 3.19602191e-01 1.76081695e-02
      3.24036956e-01 1.47745945e-02 3.29181671e-01 1.33892419e-02
      3.31005812e-01 1.34213734e-02 3.37302864e-01 1.48764886e-02
      3.54107141e-01 3.07746027e-02 3.57891440e-01 3.52516435e-02
      3.62058103e-01 4.98008244e-02 3.62469971e-01 5.58551587e-02
      3.62469971e-01 5.73087484e-02</contour2d>
    <histogram type_id="opencv-matrix">
      <rows>20</rows>
      <cols>1</cols>
      <dt>f</dt>
      <data>
        3.19573879e-02 5.32623157e-02 4.12782952e-02 1.33155789e-02
        2.66311574e-03 0. 0. 0. 1.33155787e-03 0. 2.66311574e-03
        1.33155787e-03 2.66311574e-03 3.99467349e-03 1.59786940e-02
        1.73102524e-02 1.86418109e-02 2.13049259e-02 0. 7.72303581e-01</data></histogram></_>
  <_><id>9</id>
