<?xml version="1.0"?>
<opencv_storage>
<obj>
  <_><id>1</id>
    <height>4.8526585102081299e-02</height>
    <contour2d>
      6.81754172e-01 -1.09159656e-01 6.82625949e-01 -1.04529001e-01
      6.82351172e-01 2.67643686e-02 6.80603802e-01 5.15243001e-02
      6.78856373e-01 5.46210818e-02 6.66230202e-01 5.40760681e-02
      5.09417772e-01 4.13919576e-02 5.01293838e-01 3.70915644e-02
      4.98673677e-01 3.17345187e-02 4.97830898e-01 -2.51079034e-02
      4.97293323e-01 -8.71603340e-02 4.98654038e-01 -8.85689706e-02
      6.77674532e-01 -1.11991979e-01 6.78544343e-01 -1.11992992e-01</contour2d>
    <histogram type_id="opencv-matrix">
      <rows>20</rows>
      <cols>1</cols>
      <dt>f</dt>
      <data>
        7.69004971e-02 1.27531558e-01 3.26973885e-01 3.75697076e-01
        4.27061915e-02 1.02729676e-02 4.40270035e-03 2.05459353e-03
        2.20135017e-03 8.80540058e-04 7.33783352e-04 4.40270029e-04
        1.46756676e-04 7.33783352e-04 5.87026705e-04 1.76108012e-03
        4.98972693e-03 1.17405336e-02 5.57675352e-03 3.66891688e-03</data></histogram></_>
  <_><id>2</id>
    <height>6.8709254264831543e-02</height>
    <contour2d>
      6.85845613e-01 -1.03218772e-01 6.85845613e-01 -9.70292762e-02
      6.83497727e-01 -9.21788439e-02 5.63421011e-01 6.84289634e-02
      5.61966062e-01 6.97595403e-02 5.59062243e-01 7.10001066e-02
      5.54070294e-01 6.92497194e-02 5.44941545e-01 6.30109906e-02
      5.01096070e-01 2.69192494e-02 4.99729514e-01 2.55648270e-02
      4.98488635e-01 2.28646938e-02 4.96998161e-01 -8.23348165e-02
      4.97937918e-01 -8.54895785e-02 5.01293421e-01 -9.36793983e-02
      5.49133480e-01 -1.91159546e-01 5.52674413e-01 -1.93253860e-01
      5.55733860e-01 -1.93257421e-01 6.02783322e-01 -1.63514107e-01</contour2d>
    <histogram type_id="opencv-matrix">
      <rows>20</rows>
      <cols>1</cols>
      <dt>f</dt>
      <data>
        1.03053436e-01 1.39602125e-01 2.74230868e-01 3.08928967e-01
        1.04094379e-01 2.61392556e-02 6.36132294e-03 4.62641660e-03
        4.51075658e-03 3.81679391e-03 2.31320830e-03 1.04094378e-03
        2.31320839e-04 6.93962502e-04 1.04094378e-03 1.96622708e-03
        6.13000244e-03 9.13717318e-03 1.73490634e-03 3.46981251e-04</data></histogram></_>
  <_><id>3</id>
    <height>6.5832734107971191e-02</height>
    <contour2d>
      6.34503305e-01 -1.75617218e-01 6.35338783e-01 -1.74138531e-01
      6.36763930e-01 -1.70097888e-01 6.30631268e-01 3.64066288e-02
      5.03290653e-01 4.50564101e-02 4.99817103e-01 4.49395478e-02
      4.99078661e-01 3.97095792e-02 4.96790856e-01 -1.02379732e-01
      4.96300399e-01 -1.59531370e-01 5.11175692e-01 -1.62352473e-01
      5.33309698e-01 -1.66260421e-01 6.13980353e-01 -1.75421625e-01</contour2d>
    <histogram type_id="opencv-matrix">
      <rows>20</rows>
      <cols>1</cols>
      <dt>f</dt>
      <data>
        1.54387042e-01 1.37063086e-01 2.57006019e-01 3.32008570e-01
        6.83786795e-02 7.74482824e-03 3.36288591e-03 2.14001839e-03
        3.15907481e-03 2.03811284e-03 1.63049018e-03 9.17150755e-04
        1.01905636e-04 7.13339425e-04 1.32477330e-03 3.56669724e-03
        6.62386650e-03 1.56934671e-02 2.14001839e-03 0.</data></histogram></_>
  <_><id>4</id>
    <height>6.1833262443542480e-02</height>
    <contour2d>
      5.68216145e-01 8.25772211e-02 5.65957129e-01 8.24777111e-02
      4.98468906e-01 -2.00222638e-02 4.97994304e-01 -2.75908783e-02
      4.96790856e-01 -1.09996781e-01 4.96846050e-01 -1.30445227e-01
      4.98931378e-01 -1.34478778e-01 5.02386332e-01 -1.38710499e-01
      5.38114011e-01 -1.72714174e-01 5.42276204e-01 -1.76308259e-01
      5.47884583e-01 -1.80161402e-01 5.48651457e-01 -1.80162296e-01
      6.48578227e-01 -4.01890054e-02 6.63057446e-01 -1.48166036e-02
      6.63920403e-01 -1.17610637e-02 6.63920462e-01 -5.64803462e-03
      6.63057506e-01 -2.59048562e-03</contour2d>
    <histogram type_id="opencv-matrix">
      <rows>20</rows>
      <cols>1</cols>
      <dt>f</dt>
      <data>
        1.36759177e-01 1.18062086e-01 2.77163684e-01 3.80879581e-01
        3.44543755e-02 7.76105374e-03 3.76293506e-03 3.29256826e-03
        1.64628413e-03 1.99905923e-03 1.29350892e-03 1.52869232e-03
        1.41110062e-03 5.87958610e-04 1.41110062e-03 2.46942602e-03
        7.05550332e-03 1.69332083e-02 1.52869232e-03 0.</data></histogram></_>
  <_><id>5</id>
    <height>5.3016066551208496e-02</height>
    <contour2d>
      6.84146523e-01 -1.16209202e-01 6.84146523e-01 -1.14632271e-01
      6.67498112e-01 3.60658541e-02 6.65750682e-01 4.07100171e-02
      5.18050969e-01 3.75723913e-02 5.00454485e-01 3.67923416e-02
      4.99190152e-01 3.15184854e-02 4.98654366e-01 2.11102050e-02
      4.97108966e-01 -1.01798251e-01 6.77322865e-01 -1.18440941e-01</contour2d>
    <histogram type_id="opencv-matrix">
      <rows>20</rows>
      <cols>1</cols>
      <dt>f</dt>
      <data>
        1.11077487e-01 1.12439469e-01 3.19007277e-01 3.24909210e-01
        8.29297826e-02 1.16525432e-02 4.84261522e-03 2.26997584e-03
        3.63196153e-03 5.29661030e-03 3.63196153e-03 3.17796622e-03
        7.56658614e-04 7.56658614e-04 1.51331726e-04 9.07990383e-04
        3.02663445e-03 5.75060537e-03 1.51331723e-03 2.26997584e-03</data></histogram></_>
  <_><id>6</id>
    <height>5.2295744419097900e-02</height>
    <contour2d>
      5.73140144e-01 -1.81882501e-01 6.68678105e-01 -6.43714815e-02
      6.69549823e-01 -6.28285632e-02 6.69327915e-01 -6.02048226e-02
      6.68773532e-01 -5.85189089e-02 5.45863748e-01 8.44878480e-02
      5.43530941e-01 8.44905674e-02 5.33069849e-01 7.94520080e-02
      5.00329316e-01 5.03045879e-02 4.99588966e-01 4.89942878e-02
      4.99078661e-01 4.10172902e-02 4.97418821e-01 -8.39635357e-02
      5.68873942e-01 -1.80987045e-01 5.72341919e-01 -1.81881577e-01</contour2d>
    <histogram type_id="opencv-matrix">
      <rows>20</rows>
      <cols>1</cols>
      <dt>f</dt>
      <data>
        1.50626123e-01 1.41443059e-01 2.67262965e-01 2.68217057e-01
        1.08884916e-01 1.84853915e-02 5.84376883e-03 2.86225416e-03
        2.50447239e-03 4.88968380e-03 3.10077518e-03 2.14669062e-03
        2.38521170e-04 9.54084680e-04 7.15563539e-04 2.02742987e-03
        4.77042329e-03 1.26416218e-02 1.55038759e-03 8.34824110e-04</data></histogram></_>
  <_><id>7</id>
    <height>5.9941112995147705e-02</height>
    <contour2d>
      6.58141613e-01 5.11394255e-02 6.00818515e-01 5.67531884e-02
      5.04352748e-01 5.92395216e-02 4.99619722e-01 5.89268059e-02
      4.98886198e-01 4.85354587e-02 4.96466875e-01 -1.28470376e-01
      4.96466786e-01 -1.55822858e-01 4.97715443e-01 -1.58850253e-01
      4.99078065e-01 -1.59062311e-01 6.37666106e-01 -1.54859975e-01
      6.59008443e-01 4.96032275e-02</contour2d>
    <histogram type_id="opencv-matrix">
      <rows>20</rows>
      <cols>1</cols>
      <dt>f</dt>
      <data>
        1.44175410e-01 1.62539959e-01 2.08497018e-01 3.78254890e-01
        5.51850125e-02 8.22293293e-03 2.64961156e-03 3.10644112e-03
        2.55824579e-03 4.02010046e-03 2.10141600e-03 1.64458645e-03
        1.00502511e-03 8.22293223e-04 6.39561447e-04 3.38053890e-03
        5.66468667e-03 1.19689349e-02 1.82731834e-03 1.73595245e-03</data></histogram></_>
  <_><id>8</id>
    <height>6.8314015865325928e-02</height>
    <contour2d>
      5.87731540e-01 6.16280958e-02 5.81802249e-01 6.27460480e-02
      5.71737349e-01 5.50586283e-02 4.97989029e-01 -3.49650644e-02
      4.96466845e-01 -1.44100338e-01 4.96862978e-01 -1.47290304e-01
      4.99189585e-01 -1.53497249e-01 4.99588341e-01 -1.54239073e-01
      5.32548070e-01 -1.89650089e-01 5.37681758e-01 -1.91501051e-01
      5.39988101e-01 -1.91503733e-01 6.86158240e-01 -5.42970560e-02
      6.87618673e-01 -4.97128963e-02 6.88191652e-01 -4.51068543e-02
      6.88191652e-01 -4.35351357e-02 6.87304258e-01 -4.19624485e-02
      6.73613906e-01 -2.58360524e-02 6.44044399e-01 6.50936272e-03
      5.92885196e-01 5.90678938e-02</contour2d>
    <histogram type_id="opencv-matrix">
      <rows>20</rows>
