<?xml version="1.0"?>
<opencv_storage>
<obj>
  <_><id>1</id>
    <height>5.5892169475555420e-02</height>
    <contour2d>
      6.17027521e-01 -3.19898687e-02 6.17027521e-01 -3.02740075e-02
      6.03948712e-01 9.90178883e-02 5.99564433e-01 1.00406960e-01
      3.74429405e-01 8.32896829e-02 3.70179713e-01 8.16231444e-02
      3.67859185e-01 7.84000456e-02 3.75631154e-01 -5.28873913e-02
      3.76795650e-01 -5.43747470e-02 6.09682083e-01 -4.02390249e-02
      6.15683436e-01 -3.37048210e-02</contour2d>
    <histogram type_id="opencv-matrix">
      <rows>20</rows>
      <cols>1</cols>
      <dt>f</dt>
      <data>
        1.20888576e-01 1.98036849e-01 3.40106755e-01 9.47132707e-03
        5.16617845e-04 0. 0. 0. 0. 0. 3.44411907e-04 1.72205953e-04
        6.88823813e-04 1.89426553e-03 4.82176663e-03 9.98794567e-03
        2.73807459e-02 7.14654699e-02 0. 2.14224204e-01</data></histogram></_>
  <_><id>2</id>
    <height>5.6027829647064209e-02</height>
    <contour2d>
      6.13252044e-01 -3.16356681e-02 4.36977804e-01 1.19504362e-01
      3.55613112e-01 2.55173445e-02 3.55613112e-01 1.67332813e-02
      3.58662903e-01 1.38366120e-02 5.20818293e-01 -1.24961510e-01
      5.37582278e-01 -1.38440415e-01 5.38863778e-01 -1.38441220e-01
      5.45597374e-01 -1.33961841e-01 5.52363753e-01 -1.24512091e-01
      6.06347144e-01 -4.32876088e-02 6.11489177e-01 -3.49215753e-02</contour2d>
    <histogram type_id="opencv-matrix">
      <rows>20</rows>
      <cols>1</cols>
      <dt>f</dt>
      <data>
        1.45293072e-01 1.59147426e-01 3.98223788e-01 2.07815282e-02
        1.24333927e-03 0. 0. 0. 1.77619891e-04 0. 0. 0. 0.
        1.42095913e-03 5.15097706e-03 9.23623424e-03 2.41563059e-02
        5.84369451e-02 0. 1.76731795e-01</data></histogram></_>
  <_><id>3</id>
    <height>5.2348554134368896e-02</height>
    <contour2d>
      4.77895498e-01 -9.89818275e-02 4.85208929e-01 -8.96500945e-02
      4.85208929e-01 -8.65379795e-02 4.34236467e-01 1.29059777e-01
      4.31812286e-01 1.30608678e-01 4.29721594e-01 1.30316213e-01
      3.24594200e-01 1.10682808e-01 3.07523787e-01 1.04980960e-01
      3.05760860e-01 1.00502923e-01 3.06201756e-01 9.04314220e-02
      3.06862772e-01 8.64352286e-02 3.62990558e-01 -1.30571648e-01
      3.64107430e-01 -1.31998152e-01 3.66018534e-01 -1.33749649e-01
      3.68257701e-01 -1.33751065e-01</contour2d>
    <histogram type_id="opencv-matrix">
      <rows>20</rows>
      <cols>1</cols>
      <dt>f</dt>
      <data>
        1.19217865e-01 1.60367727e-01 3.78228515e-01 1.25492485e-02
        2.91842996e-04 1.45921498e-04 0. 0. 1.45921498e-04
        4.37764509e-04 1.45921498e-04 2.91842996e-04 1.45921498e-04
        3.06435139e-03 9.33897588e-03 1.24033270e-02 2.39311252e-02
        1.25200644e-01 0. 1.54093102e-01</data></histogram></_>
  <_><id>4</id>
    <height>4.9423694610595703e-02</height>
    <contour2d>
      6.54741883e-01 7.30301738e-02 6.51546597e-01 7.98594505e-02
      5.72475076e-01 1.62498504e-01 5.69860458e-01 1.64169043e-01
      5.65938473e-01 1.64171532e-01 3.92061472e-01 2.30804775e-02
      3.90888810e-01 2.00871956e-02 3.90769601e-01 1.10262390e-02
      4.75880146e-01 -8.88418481e-02 6.53358340e-01 6.94986507e-02</contour2d>
    <histogram type_id="opencv-matrix">
      <rows>20</rows>
      <cols>1</cols>
      <dt>f</dt>
      <data>
        1.37145519e-01 2.26638779e-01 2.62436062e-01 4.64900024e-03
        2.32450024e-04 0. 0. 0. 0. 0. 2.32450024e-04 0. 4.64900048e-04
        2.09205016e-03 4.88145044e-03 9.06555075e-03 2.62668524e-02
        9.60018635e-02 0. 2.29893073e-01</data></histogram></_>
  <_><id>5</id>
    <height>5.4911136627197266e-02</height>
    <contour2d>
      5.91819704e-01 4.70978096e-02 5.29150903e-01 1.57030016e-01
      3.24608445e-01 4.07931097e-02 3.24608445e-01 3.66355367e-02
      3.25693965e-01 2.41621193e-02 3.26779544e-01 2.13897061e-02
      3.80031765e-01 -8.26388672e-02 3.82319927e-01 -8.41008276e-02
      3.86576474e-01 -8.28389525e-02 3.89699638e-01 -8.15693587e-02
      5.90471506e-01 4.02144901e-02 5.91819704e-01 4.53767665e-02</contour2d>
    <histogram type_id="opencv-matrix">
      <rows>20</rows>
      <cols>1</cols>
      <dt>f</dt>
      <data>
        4.01850939e-02 1.58548474e-01 5.76229930e-01 7.30638113e-03
        4.87092067e-04 2.43546034e-04 7.30638101e-04 2.43546034e-04
        2.43546034e-04 9.74184135e-04 4.87092044e-03 3.40964459e-03
        3.16609838e-03 3.89673654e-03 1.94836827e-03 6.08865079e-03
        9.49829537e-03 1.63175836e-02 0. 1.65611297e-01</data></histogram></_>
  <_><id>6</id>
    <height>6.6113531589508057e-02</height>
    <contour2d>
      5.44626057e-01 -5.53601645e-02 5.44626057e-01 -5.20674326e-02
      4.97398496e-01 1.59310669e-01 4.90085125e-01 1.60871327e-01
      4.69631016e-01 1.61168933e-01 4.53301847e-01 1.61072880e-01
      3.65457952e-01 1.53956980e-01 3.63191545e-01 1.51065111e-01
      3.62058342e-01 1.48172572e-01 3.61283064e-01 1.44930393e-01
      3.61283064e-01 1.43487230e-01 4.19106483e-01 -7.15244412e-02
      4.24015820e-01 -7.94714913e-02 4.27302301e-01 -8.11960250e-02
      4.30599749e-01 -8.13801736e-02 4.75880206e-01 -7.44622946e-02
      5.13506651e-01 -6.63034394e-02 5.37884235e-01 -6.01052381e-02
      5.40455341e-01 -5.84656782e-02</contour2d>
    <histogram type_id="opencv-matrix">
      <rows>20</rows>
      <cols>1</cols>
      <dt>f</dt>
      <data>
        3.77293192e-02 2.03011423e-01 5.79958439e-01 9.17272363e-03
        8.65351292e-04 5.19210822e-04 0. 1.73070264e-04 5.19210822e-04
        1.38456211e-03 2.07684329e-03 2.24991352e-03 3.46140517e-03
        3.28833493e-03 1.90377294e-03 3.98061611e-03 1.10764969e-02
        1.59224644e-02 0. 1.22706816e-01</data></histogram></_></obj>
</opencv_storage>
