<?xml version="1.0"?>
<opencv_storage>
<obj>
  <_><id>0</id>
    <height>4.8609495162963867e-02</height>
    <contour2d>
      6.48208141e-01 -3.78205217e-02 6.38095737e-01 -3.79353799e-02
      6.29055917e-01 -3.97212356e-02 6.24178946e-01 -4.13777567e-02
      6.06414795e-01 -5.16905077e-02 5.95922828e-01 -6.16469458e-02
      5.90024471e-01 -7.21582100e-02 5.83828330e-01 -8.76407251e-02
      5.83828330e-01 -9.46273878e-02 5.87075233e-01 -1.10709079e-01
      5.88549793e-01 -1.15966968e-01 5.91215611e-01 -1.23244546e-01
      5.92693388e-01 -1.26757666e-01 5.95648885e-01 -1.32027760e-01
      5.98932743e-01 -1.35981843e-01 6.09395802e-01 -1.47349149e-01
      6.12276018e-01 -1.50083914e-01 6.22423649e-01 -1.53944358e-01
      6.26682341e-01 -1.54874101e-01 6.64897621e-01 -1.42825186e-01
      6.66396260e-01 -1.41045019e-01 6.74849749e-01 -1.22845501e-01
      6.76343560e-01 -1.17520548e-01 6.79331243e-01 -9.97696966e-02
      6.82161510e-01 -6.33579493e-02 6.70735478e-01 -5.38948886e-02
      6.54215455e-01 -4.13931161e-02</contour2d>
    <histogram type_id="opencv-matrix">
      <rows>20</rows>
      <cols>1</cols>
      <dt>f</dt>
      <data>
        0. 3.30360082e-04 6.60720165e-04 0. 0. 9.91080189e-04
        1.51965637e-02 8.81400704e-01 1.01090185e-01 3.30360082e-04 0.
        0. 0. 0. 0. 0. 0. 0. 0. 0.</data></histogram></_>
  <_><id>1</id>
    <height>4.8359930515289307e-02</height>
    <contour2d>
      6.54215455e-01 -3.96083519e-02 6.46706343e-01 -3.78197543e-02
      6.33023202e-01 -3.93879488e-02 6.22936428e-01 -4.12894860e-02
      6.19578898e-01 -4.29315455e-02 6.07905388e-01 -4.99198399e-02
      6.06080115e-01 -5.15245907e-02 5.94171286e-01 -6.52917847e-02
      5.90024471e-01 -7.21582100e-02 5.83828330e-01 -8.76407251e-02
      5.83828330e-01 -9.46273878e-02 5.88549793e-01 -1.17719352e-01
      5.91215611e-01 -1.25000745e-01 6.00136757e-01 -1.36275813e-01
      6.12142980e-01 -1.51026651e-01 6.21171594e-01 -1.53612271e-01
      6.23909473e-01 -1.53945118e-01 6.26881063e-01 -1.53946638e-01
      6.43224835e-01 -1.50423557e-01 6.64897621e-01 -1.42825186e-01
      6.66396260e-01 -1.41045019e-01 6.74849749e-01 -1.22845501e-01
      6.76343560e-01 -1.17520548e-01 6.77837431e-01 -1.10420361e-01
      6.83294713e-01 -7.37680048e-02 6.83294713e-01 -7.19775259e-02
      6.80129468e-01 -6.13625981e-02</contour2d>
    <histogram type_id="opencv-matrix">
      <rows>20</rows>
      <cols>1</cols>
      <dt>f</dt>
      <data>
        0. 0. 6.58327830e-04 9.87491803e-04 1.64581952e-03
        7.57077010e-03 2.43581291e-02 9.51612890e-01 1.31665561e-02 0.
        0. 0. 0. 0. 0. 0. 0. 0. 0. 0.</data></histogram></_>
  <_><id>2</id>
    <height>4.7748208045959473e-02</height>
    <contour2d>
      6.54215455e-01 -3.96083519e-02 6.46706343e-01 -3.78197543e-02
      6.29055917e-01 -3.97212356e-02 6.22677088e-01 -4.13769893e-02
      6.07905388e-01 -4.99198399e-02 5.97126842e-01 -6.17809184e-02
      5.94171286e-01 -6.52917847e-02 5.90024471e-01 -7.21582100e-02
      5.88549852e-01 -7.56622180e-02 5.83828330e-01 -9.11340564e-02
      5.83828330e-01 -9.63740572e-02 5.88549793e-01 -1.15966968e-01
      5.91215611e-01 -1.23244546e-01 5.92693388e-01 -1.26757666e-01
      5.95648885e-01 -1.32027760e-01 5.98932743e-01 -1.35981843e-01
      6.13382280e-01 -1.51354924e-01 6.22423649e-01 -1.53944358e-01
      6.26682341e-01 -1.54874101e-01 6.57095194e-01 -1.45602122e-01
      6.66396260e-01 -1.41045019e-01 6.76343560e-01 -1.17520548e-01
      6.77837431e-01 -1.10420361e-01 6.83294713e-01 -7.19775259e-02
      6.80129468e-01 -6.31568804e-02 6.78774834e-01 -6.12323619e-02
      6.77268207e-01 -5.94411157e-02 6.75240934e-01 -5.74667156e-02</contour2d>
    <histogram type_id="opencv-matrix">
      <rows>20</rows>
      <cols>1</cols>
      <dt>f</dt>
      <data>
        0. 3.29706556e-04 0. 6.59413112e-04 2.63765245e-03
        5.93471806e-03 2.70359367e-02 9.58786666e-01 4.61589172e-03 0.
        0. 0. 0. 0. 0. 0. 0. 0. 0. 0.</data></histogram></_></obj>
</opencv_storage>
