<?xml version="1.0"?>
<opencv_storage>
<obj>
  <_><id>1</id>
    <height>2.0402431488037109e-02</height>
    <contour2d>
      4.72344011e-01 5.54318652e-02 4.57209915e-01 6.04449846e-02
      4.56452340e-01 6.04455285e-02 4.54225451e-01 5.93258962e-02
      4.50627446e-01 5.48783503e-02 4.49917018e-01 5.17570078e-02
      4.49917018e-01 4.97389957e-02 4.53666151e-01 3.76282781e-02
      4.56737220e-01 3.44187096e-02 4.57483172e-01 3.44181731e-02
      4.64942843e-01 3.94317918e-02 4.71603870e-01 4.61627394e-02
      4.73824263e-01 4.94726934e-02 4.73824263e-01 5.25466055e-02</contour2d>
    <histogram type_id="opencv-matrix">
      <rows>20</rows>
      <cols>1</cols>
      <dt>f</dt>
      <data>
        6.49758458e-01 3.01932365e-01 1.93236712e-02 0. 0. 0. 0. 0. 0.
        0. 0. 0. 0. 0. 2.41545890e-03 9.66183562e-03 9.66183562e-03
        7.24637695e-03 0. 0.</data></histogram></_>
  <_><id>2</id>
    <height>2.6876688003540039e-02</height>
    <contour2d>
      4.69395816e-01 3.67351659e-02 4.71603900e-01 4.71821651e-02
      4.69225198e-01 6.08504862e-02 4.55885381e-01 7.50893652e-02
      4.53631997e-01 7.61017278e-02 4.51378614e-01 7.61033446e-02
      4.31661934e-01 7.39405081e-02 4.29443389e-01 7.29469880e-02
      4.28020567e-01 7.18268082e-02 4.24501896e-01 6.84864968e-02
      4.24240381e-01 4.96241078e-02 4.44912314e-01 3.42468433e-02
      4.55315173e-01 3.41792740e-02 4.60489094e-01 3.42957899e-02</contour2d>
    <histogram type_id="opencv-matrix">
      <rows>20</rows>
      <cols>1</cols>
      <dt>f</dt>
      <data>
        4.66158241e-01 4.29933280e-01 9.34223086e-02 0. 0. 0. 0. 0. 0.
        0. 0. 0. 0. 0. 0. 2.85986671e-03 1.90657773e-03 5.71973342e-03
        0. 0.</data></histogram></_>
  <_><id>3</id>
    <height>2.5205492973327637e-02</height>
    <contour2d>
      4.95051235e-01 3.81792933e-02 4.98916507e-01 4.56949361e-02
      5.00406384e-01 5.75932413e-02 4.93423790e-01 6.57608658e-02
      4.79240775e-01 7.85713270e-02 4.77063030e-01 8.02889839e-02
      4.76280928e-01 8.02895501e-02 4.59035099e-01 6.96558803e-02
      4.58327264e-01 6.85056522e-02 4.57619429e-01 6.52957186e-02
      4.57619429e-01 6.42641485e-02 4.60118175e-01 5.56303263e-02
      4.63123262e-01 4.85384390e-02 4.70750630e-01 4.23747487e-02
      4.90421951e-01 3.59575376e-02 4.92006212e-01 3.58962901e-02</contour2d>
    <histogram type_id="opencv-matrix">
      <rows>20</rows>
      <cols>1</cols>
      <dt>f</dt>
      <data>
        3.16167682e-01 4.56287444e-01 2.26347312e-01 0. 0. 0. 0. 0. 0.
        0. 0. 0. 0. 0. 0. 0. 0. 1.19760481e-03 0. 0.</data></histogram></_>
  <_><id>4</id>
    <height>1.2021422386169434e-02</height>
    <contour2d>
      5.00406384e-01 5.86543493e-02 4.84185874e-01 6.00877889e-02
      4.80332851e-01 5.99904917e-02 4.77353603e-01 5.65664396e-02
      4.77311611e-01 5.45738637e-02 4.80450958e-01 2.94722263e-02
      4.81225312e-01 2.94716712e-02 4.93309349e-01 4.27428968e-02
      4.98157054e-01 4.87822182e-02</contour2d>
    <histogram type_id="opencv-matrix">
      <rows>20</rows>
      <cols>1</cols>
      <dt>f</dt>
      <data>
        2.80597031e-01 4.29850757e-01 2.38805979e-01 0. 0. 0. 0. 0. 0.
        0. 0. 0. 0. 0. 2.98507465e-03 1.19402986e-02 8.95522349e-03
        2.68656723e-02 0. 0.</data></histogram></_>
  <_><id>5</id>
    <height>1.6188263893127441e-02</height>
    <contour2d>
      4.94397819e-01 5.47952764e-02 4.93660897e-01 5.77707030e-02
      4.91327584e-01 5.95451221e-02 4.89976227e-01 5.97566254e-02
      4.48791385e-01 5.95572032e-02 4.42446172e-01 5.47535941e-02
      4.42446172e-01 5.38140722e-02 4.43730384e-01 4.33163382e-02
      4.48959589e-01 3.33869942e-02 4.49662983e-01 3.24399993e-02
      4.51124519e-01 3.15508470e-02 4.51829195e-01 3.15503404e-02
      4.56485868e-01 3.22547704e-02 4.80949938e-01 4.26022969e-02
      4.85452741e-01 4.47268896e-02 4.92861390e-01 4.97502908e-02
      4.94397819e-01 5.38036339e-02</contour2d>
    <histogram type_id="opencv-matrix">
      <rows>20</rows>
      <cols>1</cols>
      <dt>f</dt>
      <data>
        6.36363626e-01 2.76094258e-01 7.07070678e-02 0. 0. 0. 0. 0. 0.
        0. 0. 0. 0. 1.68350164e-03 3.36700329e-03 0. 3.36700329e-03
        8.41750856e-03 0. 0.</data></histogram></_>
  <_><id>6</id>
    <height>1.5746951103210449e-02</height>
    <contour2d>
      4.92861450e-01 6.85583800e-02 4.80396152e-01 6.17467761e-02
      4.76514906e-01 5.23592643e-02 4.76514906e-01 4.94104102e-02
      4.78706300e-01 4.54770289e-02 4.86741543e-01 4.54712659e-02
      4.94397819e-01 5.08287288e-02 4.95198578e-01 5.58846667e-02</contour2d>
    <histogram type_id="opencv-matrix">
      <rows>20</rows>
      <cols>1</cols>
      <dt>f</dt>
      <data>
        1.85567006e-01 5.73883176e-01 1.92439869e-01 0. 0. 0. 0. 0. 0.
        0. 0. 0. 0. 0. 1.37457047e-02 0. 0. 3.43642607e-02 0. 0.</data></histogram></_></obj>
</opencv_storage>
