<?xml version="1.0"?>
<opencv_storage>
<obj>
  <_><id>1</id>
    <height>9.8985850811004639e-02</height>
    <contour2d>
      6.01117730e-01 4.79528829e-02 5.94338179e-01 5.38582131e-02
      5.85754395e-01 5.68729974e-02 5.81491172e-01 5.66850975e-02
      5.77826321e-01 5.51278815e-02 5.72271645e-01 5.21872900e-02
      5.70944965e-01 5.08497618e-02 5.65142751e-01 3.92296277e-02
      5.61945260e-01 3.01854890e-02 5.61945260e-01 2.86259595e-02
      5.65656483e-01 1.45545965e-02 5.71778357e-01 1.14123011e-02
      5.79047859e-01 8.34132079e-03 5.86377561e-01 8.33668839e-03
      5.99261105e-01 1.78265218e-02 6.06696308e-01 3.06673534e-02
      6.07939541e-01 3.39126997e-02 6.07939541e-01 3.55017520e-02</contour2d>
    <histogram type_id="opencv-matrix">
      <rows>20</rows>
      <cols>1</cols>
      <dt>f</dt>
      <data>
        1.57099694e-01 5.33232629e-01 2.87009060e-01 0. 0. 0. 0. 0. 0.
        0. 0. 0. 0. 0. 1.51057402e-03 0. 4.53172205e-03 9.06344410e-03
        0. 7.55287008e-03</data></histogram></_>
  <_><id>2</id>
    <height>9.9097549915313721e-02</height>
    <contour2d>
      6.51612580e-01 1.22975342e-01 6.55478656e-01 1.29779175e-01
      6.57441497e-01 1.35116041e-01 6.47083044e-01 1.56421348e-01
      6.44539177e-01 1.59670502e-01 6.38179421e-01 1.59674525e-01
      6.13002062e-01 1.52459249e-01 6.12877011e-01 1.32562637e-01
      6.13468468e-01 1.24917030e-01 6.25459790e-01 1.14216633e-01
      6.26114309e-01 1.13848485e-01 6.33597434e-01 1.13330722e-01
      6.36233866e-01 1.13329053e-01 6.40723228e-01 1.14206992e-01</contour2d>
    <histogram type_id="opencv-matrix">
      <rows>20</rows>
      <cols>1</cols>
      <dt>f</dt>
      <data>
        9.43396240e-02 4.11051214e-01 4.85175192e-01 4.04312648e-03 0.
        0. 0. 0. 0. 0. 0. 0. 0. 0. 0. 0. 1.34770887e-03 4.04312648e-03
        0. 0.</data></histogram></_>
  <_><id>3</id>
    <height>1.0072356462478638e-01</height>
    <contour2d>
      6.43266916e-01 2.32735388e-02 6.37506187e-01 3.76864374e-02
      6.34975910e-01 3.93031426e-02 6.29270673e-01 4.23984639e-02
      6.20371819e-01 4.43972051e-02 6.19099855e-01 4.43980098e-02
      6.14703298e-01 4.26384993e-02 6.06465220e-01 3.89756970e-02
      5.97981572e-01 2.27956288e-02 5.97981572e-01 1.80284921e-02
      6.05440319e-01 5.46256430e-04 6.22324884e-01 -2.66177324e-03
      6.23579144e-01 -2.66256579e-03 6.30531669e-01 5.40529785e-04
      6.34314895e-01 3.75793059e-03 6.36837006e-01 6.97609736e-03
      6.43266916e-01 2.00259946e-02</contour2d>
    <histogram type_id="opencv-matrix">
      <rows>20</rows>
      <cols>1</cols>
      <dt>f</dt>
      <data>
        3.45911942e-02 3.34905654e-01 6.24213815e-01 4.71698120e-03 0.
        0. 0. 0. 0. 0. 0. 0. 0. 0. 0. 0. 0. 0. 0. 1.57232699e-03</data></histogram></_>
  <_><id>4</id>
    <height>9.7856402397155762e-02</height>
    <contour2d>
      6.17915034e-01 1.96486600e-02 6.12906396e-01 2.11499669e-02
      6.06058717e-01 2.26132423e-02 5.99882603e-01 2.26171445e-02
      5.93660712e-01 2.00573411e-02 5.90613723e-01 1.83751266e-02
      5.85581839e-01 2.14033644e-03 5.85024357e-01 -2.60867714e-03
      5.85024357e-01 -4.18901956e-03 5.86262286e-01 -1.68327186e-02
      5.87500215e-01 -1.99942458e-02 5.98647296e-01 -2.62657590e-02
      6.04831398e-01 -2.63266880e-02 6.10428929e-01 -2.32946668e-02
      6.17305219e-01 -1.86310094e-02 6.22311413e-01 -1.38409864e-02
      6.24833405e-01 -1.06693897e-02 6.28009498e-01 -5.89745911e-03
      6.28009558e-01 5.37178013e-03</contour2d>
    <histogram type_id="opencv-matrix">
      <rows>20</rows>
      <cols>1</cols>
      <dt>f</dt>
      <data>
        6.84133917e-02 4.55604076e-01 4.71615732e-01 0. 0. 0. 0. 0. 0.
        0. 0. 0. 0. 0. 0. 0. 0. 1.45560410e-03 0. 2.91120820e-03</data></histogram></_>
  <_><id>5</id>
    <height>9.8245918750762939e-02</height>
    <contour2d>
      6.12925053e-01 -2.49388181e-02 6.12925053e-01 -2.17538197e-02
      6.08545244e-01 -7.36462697e-03 6.04212224e-01 5.42980852e-04
      5.96176922e-01 3.69679159e-03 5.88195980e-01 3.67940404e-03
      5.73783457e-01 -1.55225024e-02 5.72271526e-01 -2.13553235e-02
      5.72969735e-01 -2.59074066e-02 5.74161291e-01 -3.06437481e-02
      5.78883648e-01 -3.88684012e-02 5.82024992e-01 -4.34582122e-02
      5.87599099e-01 -4.31284383e-02 5.98029852e-01 -4.18966673e-02
      6.04823351e-01 -3.88847962e-02 6.10422254e-01 -2.95869149e-02</contour2d>
    <histogram type_id="opencv-matrix">
      <rows>20</rows>
      <cols>1</cols>
      <dt>f</dt>
      <data>
        3.32850926e-02 4.10998553e-01 5.45586109e-01 8.68306775e-03 0.
        0. 0. 0. 0. 0. 0. 0. 0. 0. 0. 0. 0. 1.44717796e-03 0. 0.</data></histogram></_>
  <_><id>6</id>
    <height>9.7856640815734863e-02</height>
    <contour2d>
      6.12925053e-01 -2.17538197e-02 6.11677587e-01 -1.85679737e-02
      6.01728141e-01 -4.21216618e-03 5.88180780e-01 -4.17002849e-03
      5.82548440e-01 -7.34819844e-03 5.68053186e-01 -2.75208261e-02
      5.77736557e-01 -4.53600511e-02 5.86377442e-01 -4.93657961e-02
      5.88820636e-01 -4.93673384e-02 6.02352858e-01 -4.83445637e-02
      6.06058538e-01 -4.67700399e-02 6.12925053e-01 -2.65313778e-02</contour2d>
    <histogram type_id="opencv-matrix">
      <rows>20</rows>
      <cols>1</cols>
      <dt>f</dt>
      <data>
        7.39644989e-02 4.15680468e-01 4.97041434e-01 8.87573976e-03 0.
        0. 0. 0. 0. 0. 0. 0. 0. 0. 0. 0. 0. 4.43786988e-03 0. 0.</data></histogram></_>
  <_><id>7</id>
    <height>9.8283231258392334e-02</height>
    <contour2d>
      6.06069326e-01 -2.94882152e-02 5.89431345e-01 -2.29308791e-02
      5.84604919e-01 -2.24582348e-02 5.80269396e-01 -2.28499770e-02
      5.71778238e-01 -3.98228131e-02 5.70496380e-01 -4.62366939e-02
      5.70531905e-01 -4.76905741e-02 5.75407445e-01 -6.32541850e-02
      5.77845275e-01 -6.48118034e-02 5.97403646e-01 -6.58311471e-02
      6.03593349e-01 -6.10939749e-02 6.06069267e-01 -5.79347983e-02
      6.10422194e-01 -4.38570641e-02 6.10422254e-01 -3.91003489e-02</contour2d>
    <histogram type_id="opencv-matrix">
      <rows>20</rows>
      <cols>1</cols>
      <dt>f</dt>
      <data>
        4.04721759e-02 4.55311984e-01 4.92411464e-01 8.43170285e-03 0.
        0. 0. 0. 0. 0. 0. 0. 0. 0. 0. 0. 1.68634066e-03 0. 0.
        1.68634066e-03</data></histogram></_>
  <_><id>8</id>
    <height>9.6696734428405762e-02</height>
    <contour2d>
      6.16053641e-01 -2.98143607e-02 6.09180212e-01 -2.48293541e-02
      5.93033910e-01 -2.00624354e-02 5.83838224e-01 -2.06388459e-02
      5.79596996e-01 -2.92475987e-02 5.77140093e-01 -3.86552848e-02
      5.77100396e-01 -4.50268164e-02 5.79625607e-01 -6.20430857e-02
      5.93706310e-01 -6.56849593e-02 5.97403646e-01 -6.58311471e-02
      6.05454087e-01 -6.28808513e-02 6.17305160e-01 -4.57924828e-02
      6.18561983e-01 -3.78859490e-02 6.17305160e-01 -3.30105722e-02</contour2d>
    <histogram type_id="opencv-matrix">
      <rows>20</rows>
      <cols>1</cols>
      <dt>f</dt>
      <data>
        2.08333340e-02 4.14930552e-01 5.52083313e-01 5.20833349e-03 0.
        0. 0. 0. 0. 0. 0. 0. 0. 0. 0. 0. 1.73611112e-03 0. 0.
        5.20833349e-03</data></histogram></_>
  <_><id>9</id>
    <height>9.7983121871948242e-02</height>
    <contour2d>
      5.71202993e-01 -4.43321839e-02 5.67607880e-01 -3.95112000e-02
      5.63429236e-01 -3.46926413e-02 5.58649004e-01 -3.15552168e-02
      5.55057585e-01 -3.00247092e-02 5.49107492e-01 -2.84287371e-02
      5.42603791e-01 -2.83286776e-02 5.34377873e-01 -3.12207695e-02
      5.29510140e-01 -4.19966169e-02 5.28389335e-01 -4.64489944e-02
      5.28389335e-01 -4.79651392e-02 5.29576957e-01 -5.40302992e-02
      5.32385647e-01 -6.65379912e-02 5.34422874e-01 -6.88789561e-02
      5.36787212e-01 -7.03896433e-02 5.41413367e-01 -7.23957941e-02
      5.50301790e-01 -7.26484433e-02 5.55057526e-01 -7.12879151e-02
      5.63429117e-01 -6.68592155e-02 5.65820575e-01 -6.54762760e-02
      5.71202993e-01 -4.58795317e-02</contour2d>
