<?xml version="1.0"?>
<opencv_storage>
<obj>
  <_><id>1</id>
    <height>1.3332980871200562e-01</height>
    <contour2d>
      6.38688147e-01 -1.04472771e-01 6.50219679e-01 -1.00397810e-01
      6.53653502e-01 -9.89519805e-02 6.54721916e-01 -9.72945020e-02
      6.56677485e-01 -9.26087946e-02 6.59708202e-01 -8.12172368e-02
      6.59708202e-01 -7.28725418e-02 6.57749474e-01 -3.77068706e-02
      6.54722095e-01 -3.09538450e-02 6.50219917e-01 -2.26108469e-02
      6.27877891e-01 -2.30744220e-02 6.18600488e-01 -2.40374319e-02
      6.15428746e-01 -2.73167454e-02 6.16579354e-01 -1.00105152e-01
      6.22069776e-01 -1.04035847e-01</contour2d>
    <histogram type_id="opencv-matrix">
      <rows>20</rows>
      <cols>1</cols>
      <dt>f</dt>
      <data>
        3.15655500e-01 2.11285532e-01 7.80653358e-02 2.71531604e-02
        8.48536287e-03 1.27280434e-03 1.69707253e-03 2.54560867e-03
        2.54560867e-03 0. 4.24268132e-04 4.24268132e-04 1.27280434e-03
        1.69707253e-03 2.12134072e-03 1.10309711e-02 3.01230382e-02
        2.44378448e-01 0. 5.98218068e-02</data></histogram></_>
  <_><id>2</id>
    <height>3.8693904876708984e-02</height>
    <contour2d>
      1.23041093e+00 4.19614106e-01 1.22973382e+00 4.23561811e-01
      1.22803986e+00 4.30416733e-01 1.21882033e+00 4.65889841e-01
      1.21815193e+00 4.20193642e-01</contour2d>
    <histogram type_id="opencv-matrix">
      <rows>20</rows>
      <cols>1</cols>
      <dt>f</dt>
      <data>
        9.09090936e-02 1.81818187e-01 9.09090936e-02 0. 0. 0. 0. 0. 0.
        0. 0. 0. 0. 0. 0. 0. 0. 0. 0. 6.36363626e-01</data></histogram></_>
  <_><id>3</id>
    <height>1.3181799650192261e-01</height>
    <contour2d>
      6.51516616e-01 -1.00608446e-01 6.53653502e-01 -9.89519805e-02
      6.56677485e-01 -9.42725614e-02 6.59708202e-01 -8.12172368e-02
      6.59708202e-01 -7.45414570e-02 6.57749474e-01 -3.77068706e-02
      6.53653681e-01 -2.59772390e-02 6.50448382e-01 -2.26572230e-02
      6.26788139e-01 -2.30733920e-02 6.19657755e-01 -2.40384303e-02
      6.15763664e-01 -2.61538494e-02 6.16579354e-01 -1.00105152e-01
      6.23175204e-01 -1.04036897e-01 6.36573613e-01 -1.04470775e-01
      6.39745414e-01 -1.04473777e-01</contour2d>
    <histogram type_id="opencv-matrix">
      <rows>20</rows>
      <cols>1</cols>
      <dt>f</dt>
      <data>
        3.18065077e-01 2.11900681e-01 8.47602710e-02 2.61130128e-02
        9.41780768e-03 2.56849313e-03 1.71232875e-03 1.71232875e-03
        1.71232875e-03 1.28424657e-03 4.28082189e-04 0. 1.71232875e-03
        2.14041094e-03 1.28424657e-03 8.13356135e-03 3.76712307e-02
        2.33732879e-01 0. 5.56506850e-02</data></histogram></_>
  <_><id>4</id>
    <height>1.3213199377059937e-01</height>
    <contour2d>
      6.58821106e-01 -8.26285034e-02 6.59892976e-01 -8.09658170e-02
      6.61858499e-01 -7.28745759e-02 6.62091613e-01 -6.63354993e-02
      6.58821225e-01 -4.76902761e-02 6.56677663e-01 -3.93696241e-02
      6.54722095e-01 -3.59293818e-02 6.15728080e-01 -3.16374451e-02
      6.13434315e-01 -3.15682776e-02 6.01225913e-01 -3.28812264e-02
      5.94513118e-01 -3.76470834e-02 5.91992438e-01 -6.15379587e-02
      5.91593504e-01 -8.34696293e-02 5.92911303e-01 -8.47422257e-02
      5.95827579e-01 -8.58920589e-02 5.99751055e-01 -8.61577839e-02
      6.32324338e-01 -8.59600231e-02 6.56677544e-01 -8.42901766e-02</contour2d>
    <histogram type_id="opencv-matrix">
      <rows>20</rows>
      <cols>1</cols>
      <dt>f</dt>
      <data>
        3.15970212e-01 1.72295362e-01 6.35374933e-02 3.83514576e-02
        4.57927864e-03 0. 1.14481966e-03 5.72409830e-04 0. 0. 0. 0. 0.
        0. 0. 5.72409853e-03 3.20549496e-02 2.56439596e-01 0.
        1.09330274e-01</data></histogram></_>
  <_><id>5</id>
    <height>1.3189661502838135e-01</height>
    <contour2d>
      6.60783350e-01 -8.28871578e-02 6.61858499e-01 -8.12192708e-02
      6.63168967e-01 -7.13537335e-02 6.58821225e-01 -4.76902761e-02
      6.56677663e-01 -3.93696241e-02 6.54722095e-01 -3.75878774e-02
      6.46977365e-01 -3.40168439e-02 6.23071074e-01 -3.36066261e-02
      5.97122192e-01 -3.44699100e-02 5.93018472e-01 -3.60585265e-02
      5.91593564e-01 -6.76138550e-02 5.91593504e-01 -7.87129030e-02
      5.91701686e-01 -8.45594481e-02 5.91825306e-01 -8.50018933e-02
      5.95584810e-01 -8.58961791e-02 6.00388646e-01 -8.64203945e-02
      6.27264142e-01 -8.73100907e-02 6.58632994e-01 -8.45540389e-02</contour2d>
    <histogram type_id="opencv-matrix">
      <rows>20</rows>
      <cols>1</cols>
      <dt>f</dt>
      <data>
        2.85385489e-01 1.71461448e-01 5.69620244e-02 4.31530513e-02
        7.47986184e-03 1.15074799e-03 2.30149599e-03 5.75373997e-04 0.
        0. 0. 0. 0. 0. 0. 7.47986184e-03 2.58918293e-02 2.85385489e-01
        0. 1.12773307e-01</data></histogram></_>
  <_><id>6</id>
    <height>1.3189798593521118e-01</height>
    <contour2d>
      6.59708202e-01 -8.45550597e-02 6.63169026e-01 -6.96813539e-02
      6.58821225e-01 -4.76902761e-02 6.57749414e-01 -4.43618000e-02
      6.54534042e-01 -3.93675976e-02 6.29385710e-01 -3.54247652e-02
      6.10542476e-01 -3.32424082e-02 5.95070362e-01 -3.60604674e-02
      5.93842685e-01 -4.39271294e-02 5.91593564e-01 -6.76138550e-02
      5.90837061e-01 -8.31303969e-02 5.92736542e-01 -8.45604315e-02
      5.94068706e-01 -8.51821527e-02 6.00388646e-01 -8.64203945e-02
      6.32324338e-01 -8.59600231e-02</contour2d>
    <histogram type_id="opencv-matrix">
      <rows>20</rows>
      <cols>1</cols>
      <dt>f</dt>
      <data>
        3.27091873e-01 1.58572271e-01 6.31948486e-02 4.21299003e-02
        9.36220028e-03 1.17027503e-03 5.85137517e-04 1.75541255e-03 0.
        0. 0. 0. 0. 0. 0. 5.26623754e-03 3.21825631e-02 2.49853715e-01
        0. 1.08835578e-01</data></histogram></_>
  <_><id>7</id>
    <height>1.3228225708007812e-01</height>
    <contour2d>
      6.36573911e-01 -2.71949242e-03 6.09294832e-01 -4.25527571e-03
      5.97937584e-01 -5.79384854e-03 5.94866514e-01 -7.37997051e-03
      5.94013155e-01 -8.10867772e-02 5.96067727e-01 -8.33594948e-02
      5.99162757e-01 -8.39737877e-02 6.28312469e-01 -8.24292749e-02
      6.32324338e-01 -8.10626298e-02 6.36762917e-01 -7.46942461e-02
      6.41674221e-01 -6.69390112e-02 6.41674399e-01 -1.09628355e-02</contour2d>
    <histogram type_id="opencv-matrix">
      <rows>20</rows>
      <cols>1</cols>
      <dt>f</dt>
      <data>
        1.67736411e-01 1.81857079e-01 1.45485669e-01 2.37483948e-01
        3.08087282e-02 2.13949499e-03 1.28369709e-03 4.27899009e-04
        4.27899009e-04 0. 1.28369709e-03 0. 0. 1.71159604e-03
        6.41848519e-03 5.56268729e-03 9.84167680e-03 1.55755237e-01 0.
        5.17757796e-02</data></histogram></_>
  <_><id>8</id>
    <height>1.3070267438888550e-01</height>
    <contour2d>
      6.39553189e-01 -7.66809704e-03 6.04116857e-01 -4.23049228e-03
      5.96911788e-01 -4.22368059e-03 5.94013155e-01 -8.10867772e-02
      5.99041700e-01 -8.21439773e-02 6.01299703e-01 -8.23173299e-02
      6.27264142e-01 -8.24282840e-02 6.33601189e-01 -7.95991272e-02
      6.38688266e-01 -7.49320313e-02 6.39745533e-01 -6.34450316e-02
      6.42960131e-01 -1.42855775e-02 6.42960131e-01 -1.09858988e-02</contour2d>
    <histogram type_id="opencv-matrix">
      <rows>20</rows>
      <cols>1</cols>
      <dt>f</dt>
      <data>
        1.67376488e-01 2.02299818e-01 1.43952295e-01 2.09540024e-01
        2.42759790e-02 2.55536614e-03 4.25894366e-04 0. 0. 0. 0.
        1.27768307e-03 4.25894366e-04 1.27768307e-03 6.38841558e-03
        7.24020414e-03 1.53321968e-02 1.63543433e-01 0. 5.40885851e-02</data></histogram></_>
  <_><id>9</id>
    <height>1.3207679986953735e-01</height>
    <contour2d>
      6.36573911e-01 -4.36061714e-03 6.03277862e-01 -2.62526795e-03
      6.00200117e-01 -2.62235804e-03 5.97122312e-01 -4.21194732e-03
      5.94806254e-01 -7.97431469e-02 5.95044672e-01 -8.10877532e-02
      5.99041700e-01 -8.21439773e-02 6.02368116e-01 -8.23183358e-02
