<?xml version="1.0"?>
<opencv_storage>
<obj>
  <_><id>0</id>
    <height>1.4487183094024658e-01</height>
    <contour2d>
      7.89444566e-01 -2.57364571e-01 7.80284226e-01 -2.57119626e-01
      7.46533751e-01 -2.94920921e-01 7.42257595e-01 -3.02283257e-01
      7.42257595e-01 -3.03942323e-01 7.45576084e-01 -3.10812831e-01
      7.48793244e-01 -3.15045595e-01 7.51952887e-01 -3.18345457e-01
      7.53532708e-01 -3.18347752e-01 7.60612130e-01 -3.16833884e-01
      7.72469997e-01 -3.12348902e-01 7.80428052e-01 -3.08267921e-01
      7.90830731e-01 -3.01431030e-01 8.03724706e-01 -2.84893543e-01
      8.03724706e-01 -2.79813558e-01 7.94417620e-01 -2.63550073e-01</contour2d>
    <histogram type_id="opencv-matrix">
      <rows>20</rows>
      <cols>1</cols>
      <dt>f</dt>
      <data>
        9.31234479e-01 0. 0. 0. 0. 0. 0. 0. 0. 5.55095300e-02 0. 0. 0.
        0. 0. 0. 0. 0. 1.32560069e-02 0.</data></histogram></_>
  <_><id>1</id>
    <height>2.8670012950897217e-02</height>
    <contour2d>
      8.98208797e-01 -1.18280314e-01 8.98208797e-01 -1.16348885e-01
      8.92112017e-01 -7.36335441e-02 8.79123747e-01 -3.46302129e-02
      8.69823813e-01 -2.49770824e-02 8.32338512e-01 -1.86542775e-02
      8.28256071e-01 -1.85932964e-02 7.12870479e-01 -5.58687150e-02
      6.98737323e-01 -6.46725073e-02 6.94976807e-01 -6.93332031e-02
      6.93437159e-01 -7.41480961e-02 6.93335712e-01 -8.55884403e-02
      6.93437099e-01 -9.02052298e-02 6.94299042e-01 -1.07615516e-01
      6.95746481e-01 -1.22322880e-01 7.06046760e-01 -1.54829174e-01
      7.13546753e-01 -1.67388260e-01 7.15902805e-01 -1.70667872e-01
      7.22498357e-01 -1.79074943e-01 7.24759400e-01 -1.81147322e-01
      7.47029483e-01 -1.79421827e-01 7.77254462e-01 -1.74262822e-01
      8.06558013e-01 -1.66366696e-01 8.56311738e-01 -1.52086794e-01
      8.81150723e-01 -1.41821295e-01 8.87204766e-01 -1.38418481e-01
      8.89718771e-01 -1.36775017e-01 8.93035054e-01 -1.33332029e-01</contour2d>
    <histogram type_id="opencv-matrix">
      <rows>20</rows>
      <cols>1</cols>
      <dt>f</dt>
      <data>
        9.66260254e-01 0. 0. 0. 0. 0. 0. 0. 0. 2.83527072e-04 0. 0. 0.
        0. 0. 0. 0. 0. 2.83527072e-04 3.31726670e-02</data></histogram></_></obj>
</opencv_storage>
