<?xml version="1.0"?>
<opencv_storage>
<obj>
  <_><id>1</id>
    <height>2.0539402961730957e-02</height>
    <contour2d>
      6.27788723e-01 -2.83735730e-02 6.28925622e-01 -2.21945792e-02
      6.28899753e-01 -1.46121234e-02 6.25263572e-01 -6.99297432e-03
      5.98864019e-01 4.24642675e-02 5.95311522e-01 4.84305844e-02
      5.90623319e-01 5.12845516e-02 5.88285148e-01 5.12701944e-02
      5.83669662e-01 4.95325625e-02 5.76706171e-01 4.65165675e-02
      5.60295820e-01 3.83561403e-02 5.45762658e-01 3.06331869e-02
      5.36779046e-01 2.19188370e-02 5.35658300e-01 2.04687808e-02
      5.34732640e-01 1.74719375e-02 5.35767734e-01 1.32289678e-02
      5.47118127e-01 -1.26924030e-02 5.63071072e-01 -4.04972844e-02
      5.71560442e-01 -5.44695742e-02 5.75023770e-01 -5.75567707e-02
      5.78587413e-01 -5.71082085e-02 6.21845245e-01 -3.45232710e-02
      6.24228299e-01 -3.29803638e-02</contour2d>
    <histogram type_id="opencv-matrix">
      <rows>20</rows>
      <cols>1</cols>
      <dt>f</dt>
      <data>
        2.03804346e-03 6.79347839e-04 2.03804346e-03 8.96739125e-01
        3.66847850e-02 6.11413037e-03 6.79347839e-04 0. 0. 0. 0. 0. 0.
        0. 0. 0. 0. 6.79347839e-04 0. 5.43478280e-02</data></histogram></_>
  <_><id>2</id>
    <height>2.1468102931976318e-02</height>
    <contour2d>
      6.31287456e-01 -1.15754120e-02 6.30059958e-01 -6.98765321e-03
      6.05353594e-01 3.66308801e-02 6.00631356e-01 3.96063551e-02
      5.94730258e-01 3.96536663e-02 5.71129322e-01 3.13514620e-02
      5.32625437e-01 1.16858492e-02 5.27080417e-01 5.94848534e-03
      5.24822474e-01 -1.20476738e-03 5.24831414e-01 -2.63404939e-03
      5.29427528e-01 -1.25728846e-02 5.53964555e-01 -5.67616150e-02
      5.57504416e-01 -5.93696162e-02 5.60917020e-01 -5.78915961e-02
      6.24153733e-01 -2.37486791e-02 6.28930449e-01 -2.07250845e-02
      6.30117297e-01 -1.91895235e-02</contour2d>
    <histogram type_id="opencv-matrix">
      <rows>20</rows>
      <cols>1</cols>
      <dt>f</dt>
      <data>
        0. 0. 3.00300308e-03 8.09309304e-01 7.50750750e-02
        1.50150154e-02 1.50150154e-03 0. 0. 0. 0. 0. 0. 0. 0. 0. 0. 0.
        0. 9.60960984e-02</data></histogram></_>
  <_><id>3</id>
    <height>1.8357098102569580e-02</height>
    <contour2d>
      6.13799810e-01 1.11972149e-02 6.11413002e-01 1.42078996e-02
      6.09034956e-01 1.56779699e-02 5.87343752e-01 1.98228303e-02
      5.35648227e-01 2.19118912e-02 5.33477008e-01 1.89737920e-02
      5.28185010e-01 8.80691037e-03 5.26194334e-01 -1.10978298e-02
      5.25041282e-01 -3.55067365e-02 5.25058985e-01 -3.83652411e-02
      5.26213229e-01 -4.40753400e-02 5.27349710e-01 -4.69269790e-02
      5.28594017e-01 -4.80988994e-02 5.45174718e-01 -5.00611439e-02
      5.79725027e-01 -5.25408462e-02 5.95946491e-01 -5.32320738e-02
      6.05315685e-01 -5.33063523e-02 6.09448910e-01 -5.21047898e-02
      6.11781061e-01 -4.61820066e-02 6.12850130e-01 -2.80651320e-02
      6.13865435e-01 6.08949456e-04</contour2d>
    <histogram type_id="opencv-matrix">
      <rows>20</rows>
      <cols>1</cols>
      <dt>f</dt>
      <data>
        0. 4.80769249e-03 2.40384620e-02 6.58653855e-01 4.32692319e-02
        0. 0. 0. 0. 0. 0. 0. 0. 0. 0. 0. 0. 0. 0. 2.69230783e-01</data></histogram></_>
  <_><id>4</id>
    <height>2.0625174045562744e-02</height>
    <contour2d>
      6.27626002e-01 -3.44877727e-02 6.27616525e-01 -3.29595581e-02
      6.26366496e-01 -2.67847497e-02 6.17343903e-01 -1.60539560e-02
      5.81414223e-01 1.82299651e-02 5.65885246e-01 3.11538130e-02
      5.62934756e-01 2.98284162e-02 5.21595478e-01 -1.40053425e-02
      5.19525886e-01 -1.67658869e-02 5.19397914e-01 -1.82858966e-02
      5.19560993e-01 -2.24272776e-02 5.32649219e-01 -3.70834433e-02
      5.53977489e-01 -5.63348532e-02 5.70432663e-01 -7.04440549e-02
      5.72682679e-01 -7.22603202e-02 5.80776036e-01 -7.70348683e-02
      5.84305465e-01 -7.66384304e-02 5.86606205e-01 -7.53250346e-02
      5.90074420e-01 -7.23305047e-02</contour2d>
    <histogram type_id="opencv-matrix">
      <rows>20</rows>
      <cols>1</cols>
      <dt>f</dt>
      <data>
        0. 1.25313282e-03 3.75939831e-02 8.63408506e-01 4.38596494e-02
        0. 0. 0. 1.25313282e-03 1.25313282e-03 0. 0. 0. 0. 0. 0. 0. 0.
        0. 5.13784476e-02</data></histogram></_>
  <_><id>5</id>
    <height>2.0881772041320801e-02</height>
    <contour2d>
      5.98371029e-01 -6.66592643e-02 5.98352432e-01 -6.36722520e-02
      5.97044468e-01 -4.12768498e-02 5.94579816e-01 -2.03267075e-02
      5.89729309e-01 1.09177846e-02 5.86203992e-01 1.82942934e-02
      5.85033894e-01 1.97702572e-02 5.78113556e-01 1.96509827e-02
      5.41507244e-01 1.60493106e-02 5.33775926e-01 1.45165874e-02
      5.20155430e-01 1.14936484e-02 5.19112647e-01 1.00629628e-02
      5.19504070e-01 4.46515670e-03 5.22766709e-01 -1.68913174e-02
      5.33173561e-01 -7.52864406e-02 5.44274807e-01 -7.41672292e-02
      5.96042037e-01 -6.81671053e-02</contour2d>
    <histogram type_id="opencv-matrix">
      <rows>20</rows>
      <cols>1</cols>
      <dt>f</dt>
      <data>
        0. 0. 7.23888306e-03 8.87280226e-01 3.51602882e-02 0. 0. 0. 0.
        0. 0. 0. 0. 0. 0. 0. 0. 0. 0. 7.03205764e-02</data></histogram></_>
  <_><id>6</id>
    <height>1.7984867095947266e-02</height>
    <contour2d>
      6.12690330e-01 -3.25937346e-02 5.88447213e-01 3.47665511e-03
      5.79118907e-01 1.52565241e-02 5.75672925e-01 1.81248784e-02
      5.74473381e-01 1.81873459e-02 5.72201133e-01 1.66622754e-02
      5.44727504e-01 -5.45307202e-03 5.12982965e-01 -3.23755555e-02
      5.11381507e-01 -3.51694152e-02 5.10382831e-01 -3.93125415e-02
      5.10391593e-01 -4.07226682e-02 5.11434078e-01 -4.36511151e-02
      5.17549634e-01 -5.49940504e-02 5.41771770e-01 -8.36121067e-02
      5.51969945e-01 -9.24585536e-02 5.64367533e-01 -8.24362189e-02
      5.95784307e-01 -5.59426993e-02 6.01593852e-01 -5.02102636e-02
      6.12727702e-01 -3.86302359e-02</contour2d>
    <histogram type_id="opencv-matrix">
      <rows>20</rows>
      <cols>1</cols>
      <dt>f</dt>
      <data>
        0. 0. 1.71232875e-02 8.57305884e-01 5.02283089e-02
        2.28310493e-03 1.14155246e-03 0. 0. 0. 0. 0. 0. 0. 0. 0. 0. 0.
        0. 7.19178021e-02</data></histogram></_>
  <_><id>7</id>
    <height>1.8472492694854736e-02</height>
    <contour2d>
      6.11692309e-01 -3.40223797e-02 5.98032475e-01 -1.29311159e-02
      5.80441892e-01 1.37850037e-02 5.74674010e-01 1.81187447e-02
      5.73465109e-01 1.81811564e-02 5.16377211e-01 -2.81084888e-02
      5.10361612e-01 -3.37619819e-02 5.10405421e-01 -4.08300757e-02
      5.10651112e-01 -4.33126092e-02 5.13777673e-01 -4.92914431e-02
      5.34127355e-01 -7.58531466e-02 5.48637986e-01 -9.12544876e-02
      5.49775779e-01 -9.12474990e-02 5.52128792e-01 -9.07818750e-02
      5.54354131e-01 -8.95436853e-02 5.64496398e-01 -8.26401785e-02
      5.95962942e-01 -5.60803562e-02 6.09397829e-01 -4.31782492e-02
      6.11701608e-01 -3.55280153e-02</contour2d>
    <histogram type_id="opencv-matrix">
      <rows>20</rows>
      <cols>1</cols>
      <dt>f</dt>
      <data>
        0. 0. 1.49960537e-02 9.02920246e-01 3.39384377e-02
        4.73559555e-03 0. 0. 0. 0. 0. 0. 0. 0. 0. 0. 0. 0. 0.
        4.34096269e-02</data></histogram></_>
  <_><id>8</id>
    <height>1.8444001674652100e-02</height>
    <contour2d>
      6.01841986e-01 -6.06636852e-02 6.03003740e-01 -5.78116402e-02
      6.02124393e-01 -9.95858107e-03 6.00326121e-01 -3.93484486e-03
      5.96767664e-01 3.52829625e-03 5.94420254e-01 5.00744907e-03
      5.80502689e-01 4.90736263e-03 5.24589121e-01 2.60279892e-04
      5.15948892e-01 -2.57205428e-03 5.12918890e-01 -5.48313372e-03
      5.12422740e-01 -8.30320828e-03 5.12449026e-01 -1.25440573e-02
      5.14167130e-01 -2.81220619e-02 5.16497016e-01 -4.65080701e-02
      5.18809319e-01 -6.20633662e-02 5.21077752e-01 -7.05419257e-02
      5.22067666e-01 -7.23190457e-02 5.45348644e-01 -7.14754984e-02
