<?xml version="1.0"?>
<opencv_storage>
<obj>
  <_><id>1</id>
    <height>5.0727725028991699e-02</height>
    <contour2d>
      4.36335891e-01 4.27453481e-02 4.33703095e-01 4.54043411e-02
      4.24484611e-01 5.36259264e-02 4.14495766e-01 5.79453707e-02
      4.09786493e-01 5.77138960e-02 3.92932504e-01 4.64106537e-02
      3.91853034e-01 3.87734435e-02 3.91853034e-01 3.62049229e-02
      3.92894417e-01 2.59482041e-02 3.94807577e-01 2.27350816e-02
      3.95801753e-01 2.20919345e-02 4.07523453e-01 1.89916082e-02
      4.17302638e-01 1.66649297e-02 4.19997990e-01 1.66970622e-02
      4.22825605e-01 1.76332369e-02 4.24891144e-01 1.85393672e-02
      4.32024747e-01 3.19292843e-02 4.35677677e-01 4.00887243e-02
      4.36335891e-01 4.18596640e-02</contour2d>
    <histogram type_id="opencv-matrix">
      <rows>20</rows>
      <cols>1</cols>
      <dt>f</dt>
      <data>
        1.32352948e-01 4.41176482e-02 0. 0. 0. 0. 0. 0. 0. 0. 0.
        6.68449211e-04 6.68449211e-04 2.67379684e-03 1.13636367e-02
        3.34224589e-02 1.01604283e-01 6.72459900e-01 6.68449211e-04 0.</data></histogram></_>
  <_><id>2</id>
    <height>3.7553310394287109e-02</height>
    <contour2d>
      3.50656837e-01 1.51391938e-01 3.51938993e-01 1.53592438e-01
      3.51939023e-01 1.54556304e-01 3.49383295e-01 1.63074210e-01
      3.17407787e-01 2.08307907e-01 3.01614225e-01 2.17395350e-01
      2.95777708e-01 2.18639389e-01 2.94505179e-01 2.16927961e-01
      2.71437585e-01 1.80494666e-01 2.70800054e-01 1.78779289e-01
      2.71406442e-01 1.75038904e-01 2.71992177e-01 1.73830539e-01
      2.80874461e-01 1.60589173e-01 2.82666415e-01 1.58258349e-01
      2.88708001e-01 1.54176831e-01 2.94853061e-01 1.50573790e-01
      3.06811929e-01 1.46778479e-01 3.22855502e-01 1.43294960e-01
      3.26327205e-01 1.43292472e-01</contour2d>
    <histogram type_id="opencv-matrix">
      <rows>20</rows>
      <cols>1</cols>
      <dt>f</dt>
      <data>
        6.10184133e-01 7.19217490e-03 5.75373997e-04 0. 0. 0. 0. 0. 0.
        0. 0. 0. 0. 0. 2.87686998e-04 4.31530504e-03 2.04257760e-02
        3.57019573e-01 0. 0.</data></histogram></_></obj>
</opencv_storage>
