<?xml version="1.0"?>
<opencv_storage>
<obj>
  <_><id>1</id>
    <height>5.0727725028991699e-02</height>
    <contour2d>
      4.36335891e-01 4.27453481e-02 4.33703095e-01 4.54043411e-02
      4.24484611e-01 5.36259264e-02 4.14495766e-01 5.79453707e-02
      4.09786493e-01 5.77138960e-02 3.92932504e-01 4.64106537e-02
      3.91853034e-01 3.87734435e-02 3.91853034e-01 3.62049229e-02
      3.92894417e-01 2.59482041e-02 3.94807577e-01 2.27350816e-02
      3.95801753e-01 2.20919345e-02 4.07523453e-01 1.89916082e-02
      4.17302638e-01 1.66649297e-02 4.19997990e-01 1.66970622e-02
      4.22825605e-01 1.76332369e-02 4.24891144e-01 1.85393672e-02
      4.32024747e-01 3.19292843e-02 4.35677677e-01 4.00887243e-02
      4.36335891e-01 4.18596640e-02</contour2d>
    <histogram type_id="opencv-matrix">
      <rows>20</rows>
      <cols>1</cols>
      <dt>f</dt>
      <data>
        1.32352948e-01 4.41176482e-02 0. 0. 0. 0. 0. 0. 0. 0. 0.
        6.68449211e-04 6.68449211e-04 2.67379684e-03 1.13636367e-02
        3.34224589e-02 1.01604283e-01 6.72459900e-01 6.68449211e-04 0.</data></histogram></_>
  <_><id>2</id>
    <height>1.4085811376571655e-01</height>
    <contour2d>
      4.76454198e-01 3.60277444e-02 4.45327014e-01 3.48188728e-02
      4.32272315e-01 3.10872532e-02 4.32100773e-01 2.99528632e-02
      4.31805730e-01 1.24251386e-02 4.33850646e-01 -1.92054606e-03
      4.36112851e-01 -3.09318025e-03 4.43646908e-01 -5.92564605e-03
      4.48992789e-01 -6.70876261e-03 4.54816371e-01 -6.73264312e-03
      4.62074041e-01 -5.60777728e-03 4.66271639e-01 -3.21317650e-03
      4.71272528e-01 1.63282349e-03 4.73940730e-01 5.30182803e-03
      4.74727213e-01 7.74284592e-03 4.78666782e-01 2.86998842e-02
      4.78666782e-01 3.11590135e-02</contour2d>
    <histogram type_id="opencv-matrix">
      <rows>20</rows>
      <cols>1</cols>
      <dt>f</dt>
      <data>
        2.91293740e-01 1.95280716e-01 1.13913752e-01 4.47518304e-02
        4.88201808e-03 1.62733928e-03 2.44100904e-03 8.13669642e-04
        8.13669642e-04 1.62733928e-03 3.25467857e-03 3.25467857e-03
        8.13669618e-03 4.88201808e-03 7.32302666e-03 1.38323838e-02
        3.74288037e-02 2.40846217e-01 2.35964190e-02 0.</data></histogram></_>
  <_><id>3</id>
    <height>1.1570602655410767e-01</height>
    <contour2d>
      4.75663245e-01 3.35728526e-02 4.66409922e-01 4.05972712e-02
      4.58191931e-01 4.01952416e-02 4.45327014e-01 3.60050239e-02
      4.41670120e-01 3.35863195e-02 4.39708531e-01 3.11266109e-02
      4.32379186e-01 1.44770034e-02 4.31560189e-01 1.19352872e-02
      4.31821436e-01 8.07472225e-03 4.47253883e-01 -6.01101574e-03
      4.48936641e-01 -7.28752371e-03 4.71899718e-01 1.63519965e-03
      4.78827119e-01 1.02412123e-02 4.79618102e-01 1.26961190e-02
      4.79618102e-01 1.63795780e-02</contour2d>
    <histogram type_id="opencv-matrix">
      <rows>20</rows>
      <cols>1</cols>
      <dt>f</dt>
      <data>
        3.01732898e-01 1.02956161e-01 6.42201826e-02 1.42711513e-02
        2.03873590e-03 3.05810384e-03 1.01936795e-03 0. 0.
        1.01936795e-03 3.05810384e-03 6.11620769e-03 1.12130474e-02
        9.17431153e-03 7.13557564e-03 4.07747179e-03 1.93679910e-02
        2.72171229e-01 1.77370027e-01 0.</data></histogram></_>
  <_><id>4</id>
    <height>1.4032703638076782e-01</height>
    <contour2d>
      4.84212816e-01 1.77563373e-02 4.84212816e-01 2.14710832e-02
      4.82944906e-01 2.51150690e-02 4.78036195e-01 3.35706100e-02
      4.76774991e-01 3.46998945e-02 4.72206324e-01 3.70995849e-02
      4.65790600e-01 3.93236652e-02 4.64224279e-01 3.93251479e-02
      4.52648908e-01 3.75697277e-02 4.44562852e-01 3.24473232e-02
      4.40729618e-01 2.47593578e-02 4.42858756e-01 9.02063493e-03
      4.43232775e-01 7.81923160e-03 4.45419848e-01 3.00940406e-03
      4.49558854e-01 -3.22124106e-03 4.60364938e-01 -8.95614736e-03
      4.60687637e-01 -8.94552842e-03 4.72367704e-01 -8.01043236e-04
      4.75356728e-01 1.64083869e-03 4.81516570e-01 9.05103236e-03</contour2d>
    <histogram type_id="opencv-matrix">
      <rows>20</rows>
      <cols>1</cols>
      <dt>f</dt>
      <data>
        3.02869290e-01 1.20085016e-01 7.43889436e-02 1.59404892e-02
        4.25079698e-03 0. 0. 0. 1.06269924e-03 2.12539849e-03
        2.12539849e-03 5.31349611e-03 4.25079698e-03 8.50159395e-03
        4.25079698e-03 5.31349611e-03 2.44420823e-02 2.81615287e-01
        1.43464401e-01 0.</data></histogram></_>
  <_><id>5</id>
    <height>1.3995605707168579e-01</height>
    <contour2d>
      4.85010445e-01 5.37315384e-03 4.85010475e-01 1.40408631e-02
      4.83415097e-01 2.14718375e-02 4.81353998e-01 2.63513476e-02
      4.68456268e-01 3.19343694e-02 4.51589495e-01 3.14400755e-02
      4.46855277e-01 2.88867150e-02 4.42147881e-01 2.16443334e-02
      4.38960314e-01 1.14055565e-02 4.38960314e-01 1.01881493e-02
      4.39808428e-01 7.10034603e-03 4.42409635e-01 -7.85324839e-04
      4.50865567e-01 -1.26075996e-02 4.54244316e-01 -1.26107940e-02
      4.70008135e-01 -9.34495684e-03 4.82149363e-01 -2.04912270e-03
      4.84212756e-01 4.20940225e-04</contour2d>
    <histogram type_id="opencv-matrix">
      <rows>20</rows>
      <cols>1</cols>
      <dt>f</dt>
      <data>
        3.08983237e-01 1.30306035e-01 6.81145117e-02 2.96150073e-02
        5.92300110e-03 2.96150055e-03 3.94866755e-03 0. 1.97433378e-03
        4.93583456e-03 7.89733510e-03 1.18460022e-02 1.38203362e-02
        2.07305048e-02 8.88450164e-03 2.46791728e-02 1.87561717e-02
        2.92201400e-01 4.44225110e-02 0.</data></histogram></_>
  <_><id>6</id>
    <height>6.6387176513671875e-02</height>
    <contour2d>
      4.87716645e-01 4.21324774e-04 4.89318758e-01 5.39361686e-03
      4.89318788e-01 7.88053218e-03 4.86915648e-01 1.90738775e-02
      4.81043100e-01 2.74680983e-02 4.79618132e-01 2.86578089e-02
      4.73290265e-01 3.23472731e-02 4.55122888e-01 3.15295048e-02
      4.51013535e-01 2.91789602e-02 4.49561000e-01 2.79862396e-02
      4.44233328e-01 1.91415120e-02 4.43022013e-01 9.06064734e-03
      4.44606185e-01 4.52223263e-04 4.45398331e-01 -7.78066518e-04
      4.54804242e-01 -7.97863305e-03 4.56802666e-01 -9.20586381e-03
      4.63932216e-01 -1.16841681e-02 4.68456149e-01 -1.17045799e-02</contour2d>
    <histogram type_id="opencv-matrix">
      <rows>20</rows>
      <cols>1</cols>
      <dt>f</dt>
      <data>
        2.92035401e-01 1.23893805e-01 5.19911498e-02 1.21681411e-02
        6.63716812e-03 1.10619469e-03 1.10619469e-03 0. 1.10619469e-03
        1.10619469e-03 5.53097343e-03 8.84955749e-03 1.54867256e-02
        1.54867256e-02 9.95575264e-03 1.43805314e-02 1.32743362e-02
        3.24115038e-01 1.01769909e-01 0.</data></histogram></_>
  <_><id>7</id>
    <height>1.2744486331939697e-02</height>
    <contour2d>
      4.87716645e-01 1.66478253e-03 4.87716675e-01 4.15167399e-03
      4.86605883e-01 1.89923253e-02 4.84535843e-01 2.26440150e-02
      4.82627273e-01 2.50074714e-02 4.80250984e-01 2.74688471e-02
      4.72367764e-01 3.09417211e-02 4.63932365e-01 3.18922587e-02
      4.54352021e-01 2.91371010e-02 4.51746523e-01 2.78194733e-02
      4.41990852e-01 1.57723092e-02 4.41230029e-01 1.45921111e-02
      4.40628529e-01 1.22122066e-02 4.40628529e-01 1.10330069e-02
      4.41990823e-01 7.50578986e-03 4.55695391e-01 -9.23013780e-03
      4.60813046e-01 -1.16812196e-02 4.61592823e-01 -1.16819572e-02
      4.69221622e-01 -1.05651161e-02</contour2d>
    <histogram type_id="opencv-matrix">
      <rows>20</rows>
      <cols>1</cols>
      <dt>f</dt>
      <data>
        3.28631878e-01 1.21297605e-01 7.75740519e-02 1.41043728e-02
        1.41043728e-03 0. 0. 0. 0. 0. 0. 0. 2.82087456e-03
        1.41043728e-03 4.23131185e-03 7.05218641e-03 8.46262369e-03
        4.33004260e-01 0. 0.</data></histogram></_>
  <_><id>8</id>
    <height>1.5686452388763428e-02</height>
    <contour2d>
      4.87403601e-01 1.89915709e-02 4.85331297e-01 2.26432625e-02
      4.79618132e-01 2.74300072e-02 4.71581250e-01 3.09424661e-02
