<?xml version="1.0"?>
<opencv_storage>
<obj>
  <_><id>1</id>
    <height>5.0727725028991699e-02</height>
    <contour2d>
      4.36335891e-01 4.27453481e-02 4.33703095e-01 4.54043411e-02
      4.24484611e-01 5.36259264e-02 4.14495766e-01 5.79453707e-02
      4.09786493e-01 5.77138960e-02 3.92932504e-01 4.64106537e-02
      3.91853034e-01 3.87734435e-02 3.91853034e-01 3.62049229e-02
      3.92894417e-01 2.59482041e-02 3.94807577e-01 2.27350816e-02
      3.95801753e-01 2.20919345e-02 4.07523453e-01 1.89916082e-02
      4.17302638e-01 1.66649297e-02 4.19997990e-01 1.66970622e-02
      4.22825605e-01 1.76332369e-02 4.24891144e-01 1.85393672e-02
      4.32024747e-01 3.19292843e-02 4.35677677e-01 4.00887243e-02
      4.36335891e-01 4.18596640e-02</contour2d>
    <histogram type_id="opencv-matrix">
      <rows>20</rows>
      <cols>1</cols>
      <dt>f</dt>
      <data>
        1.32352948e-01 4.41176482e-02 0. 0. 0. 0. 0. 0. 0. 0. 0.
        6.68449211e-04 6.68449211e-04 2.67379684e-03 1.13636367e-02
        3.34224589e-02 1.01604283e-01 6.72459900e-01 6.68449211e-04 0.</data></histogram></_>
</obj>
</opencv_storage>
