<?xml version="1.0"?>
<opencv_storage>
<obj>
  <_><id>0</id>
    <height>1.4867115020751953e-01</height>
    <contour2d>
      6.50693238e-01 1.38174623e-01 5.92224777e-01 1.22911595e-01
      5.60033619e-01 1.14049844e-01 5.48533738e-01 1.10355288e-01
      5.35549164e-01 1.05427675e-01 5.32165289e-01 1.03595257e-01
      5.31277120e-01 1.02881826e-01 5.30925095e-01 1.01065710e-01
      5.31019688e-01 9.04410407e-02 5.31761050e-01 6.56538382e-02
      5.32748759e-01 5.01570664e-02 5.34901798e-01 4.85565886e-02
      5.37142098e-01 4.80529554e-02 5.41404009e-01 4.75274883e-02
      5.47147930e-01 4.74302247e-02 5.78195572e-01 4.85719554e-02
      6.14912510e-01 5.04279956e-02 6.46171153e-01 5.45455031e-02</contour2d>
    <histogram type_id="opencv-matrix">
      <rows>20</rows>
      <cols>1</cols>
      <dt>f</dt>
      <data>
        1.81641892e-01 0. 0. 0. 0. 0. 0. 0. 0. 2.13316102e-02 0. 0. 0.
        0. 0. 0. 0. 0. 1.01486750e-01 6.95539773e-01</data></histogram></_>
  <_><id>1</id>
    <height>1.4809131622314453e-01</height>
    <contour2d>
      7.29589045e-01 1.44789144e-01 6.01240754e-01 1.13526002e-01
      5.83846569e-01 1.08048566e-01 5.75336993e-01 1.04750812e-01
      5.70672989e-01 1.02146551e-01 5.49984634e-01 8.81516710e-02
      5.26901424e-01 7.15188757e-02 5.24659693e-01 6.95051998e-02
      5.24234295e-01 6.86370656e-02 5.23998737e-01 6.65175468e-02
      5.26688516e-01 6.29162863e-02 5.34628332e-01 5.36695682e-02
      5.39552987e-01 5.19028828e-02 5.43761551e-01 5.12310639e-02
      5.52690446e-01 5.11052385e-02 5.80326378e-01 5.35523295e-02</contour2d>
    <histogram type_id="opencv-matrix">
      <rows>20</rows>
      <cols>1</cols>
      <dt>f</dt>
      <data>
        3.20082247e-01 0. 0. 0. 0. 0. 0. 0. 0. 2.05620285e-03 0. 0. 0.
        0. 0. 0. 0. 0. 3.38588089e-01 3.39273483e-01</data></histogram></_>
  <_><id>2</id>
    <height>1.4676344394683838e-01</height>
    <contour2d>
      6.50221467e-01 1.10290103e-01 5.46076477e-01 8.75681266e-02
      5.26608586e-01 8.23571682e-02 5.20877242e-01 8.01641047e-02
      5.17980039e-01 7.88302049e-02 5.16637266e-01 7.79477730e-02
      5.17067015e-01 6.26089051e-02 5.17876327e-01 6.07611202e-02
      5.18414259e-01 6.01277947e-02 5.22032022e-01 5.86824976e-02
      5.24843037e-01 5.78260943e-02 5.32893836e-01 5.71858324e-02
      5.40209353e-01 5.76957390e-02 5.46547532e-01 5.82868233e-02
      5.85835099e-01 6.34016097e-02 6.11325264e-01 6.70105442e-02
      6.30439818e-01 7.08540976e-02 6.36151254e-01 7.32892677e-02</contour2d>
    <histogram type_id="opencv-matrix">
      <rows>20</rows>
      <cols>1</cols>
      <dt>f</dt>
      <data>
        1.96470574e-01 0. 0. 0. 0. 0. 0. 0. 0. 2.35294108e-03 0. 0. 0.
        0. 0. 0. 0. 0. 2.18823522e-01 5.82352936e-01</data></histogram></_>
  <_><id>3</id>
    <height>1.4680624008178711e-01</height>
    <contour2d>
      6.76359832e-01 1.27757147e-01 5.88405371e-01 1.06906444e-01
      5.62492609e-01 9.98018458e-02 5.50773323e-01 9.57936347e-02
      5.46020985e-01 9.17356908e-02 5.42712092e-01 8.83045644e-02
      5.37964821e-01 8.07199404e-02 5.37494123e-01 7.92299584e-02
      5.37706494e-01 7.75673240e-02 5.83997250e-01 4.48426604e-02
      5.95696568e-01 4.36422713e-02 6.08179033e-01 4.37818356e-02
      6.16657436e-01 4.41861674e-02 6.37213707e-01 4.56609167e-02
      6.47832096e-01 4.72981073e-02 6.51855290e-01 4.83635701e-02
      6.60833597e-01 7.01317638e-02</contour2d>
    <histogram type_id="opencv-matrix">
      <rows>20</rows>
      <cols>1</cols>
      <dt>f</dt>
      <data>
        1.74159750e-01 0. 0. 0. 0. 0. 0. 0. 0. 0. 0. 0. 0. 0. 0. 0. 0.
        0. 8.68616328e-02 7.38978624e-01</data></histogram></_>
  <_><id>4</id>
    <height>1.4834952354431152e-01</height>
    <contour2d>
      6.82570815e-01 1.22708425e-01 6.54148340e-01 1.16653360e-01
      6.30477428e-01 1.11395285e-01 5.91771126e-01 1.01886116e-01
      5.68806827e-01 9.57001150e-02 5.60937285e-01 9.20203254e-02
      5.60346663e-01 9.14150923e-02 5.59878051e-01 7.64149800e-02
      5.63918054e-01 4.05093096e-02 5.67287266e-01 3.49119417e-02
      5.73407471e-01 3.34329493e-02 5.90078294e-01 3.37837040e-02
      6.12948120e-01 3.49455401e-02 6.39516294e-01 4.06987928e-02
      6.53506458e-01 6.39110431e-02</contour2d>
    <histogram type_id="opencv-matrix">
      <rows>20</rows>
      <cols>1</cols>
      <dt>f</dt>
      <data>
        7.97545984e-02 0. 0. 0. 0. 0. 0. 0. 0. 0. 0. 0. 0. 0. 0. 0. 0.
        0. 5.98159507e-02 8.60429406e-01</data></histogram></_>
  <_><id>5</id>
    <height>1.4801144599914551e-01</height>
    <contour2d>
      8.39859426e-01 1.30101994e-01 8.28865767e-01 1.48275644e-01
      8.06456387e-01 1.47525549e-01 6.33101761e-01 1.09800652e-01
      6.18426561e-01 1.05511338e-01 6.10958278e-01 1.02869347e-01
      6.04482412e-01 1.00261793e-01 5.83402991e-01 8.66315663e-02
      5.73608339e-01 8.01433176e-02 5.55256128e-01 6.59708902e-02
      5.53030550e-01 6.40291572e-02 5.52642107e-01 6.22293539e-02
      5.52940249e-01 6.04926087e-02 5.55222034e-01 5.72006144e-02
      5.64318597e-01 4.68993932e-02 5.67865133e-01 4.56495285e-02
      5.76911628e-01 4.46494669e-02 5.79079688e-01 4.45933454e-02
      6.02670789e-01 4.54454981e-02 6.13135457e-01 4.62906100e-02
      8.42470288e-01 1.13491505e-01</contour2d>
    <histogram type_id="opencv-matrix">
      <rows>20</rows>
      <cols>1</cols>
      <dt>f</dt>
      <data>
        3.12554866e-01 0. 0. 0. 0. 0. 0. 0. 0. 0. 0. 0. 0. 0. 0. 0. 0.
        0. 1.94029853e-01 4.93415296e-01</data></histogram></_>
  <_><id>6</id>
    <height>1.4674544334411621e-01</height>
    <contour2d>
      6.79610014e-01 1.12042494e-01 6.10191166e-01 9.91290733e-02
      5.82831919e-01 9.38007608e-02 5.61608374e-01 8.93189833e-02
      5.48682630e-01 8.45204368e-02 5.43137133e-01 8.05488676e-02
      5.41514099e-01 7.32880682e-02 5.41145802e-01 6.46002442e-02
      5.41867733e-01 6.27324209e-02 5.45032322e-01 6.18142150e-02
      5.47831953e-01 6.15822896e-02 5.62877119e-01 6.15785532e-02
      6.23248339e-01 6.21578023e-02 6.50462329e-01 6.32683784e-02
      6.62985623e-01 6.47730082e-02 6.64951384e-01 6.84303790e-02</contour2d>
    <histogram type_id="opencv-matrix">
      <rows>20</rows>
      <cols>1</cols>
      <dt>f</dt>
      <data>
        4.37591761e-01 0. 0. 0. 0. 0. 0. 0. 0. 0. 0. 0. 0. 0. 0. 0. 0.
        0. 2.54038185e-01 3.08370054e-01</data></histogram></_>
  <_><id>7</id>
    <height>1.4741122722625732e-01</height>
    <contour2d>
      7.45217741e-01 1.44895270e-01 6.54118717e-01 1.24609284e-01
      6.27404511e-01 1.18458129e-01 6.10181987e-01 1.14200085e-01
      5.84867656e-01 1.06956914e-01 5.69715500e-01 1.00341477e-01
      5.60005546e-01 9.46320891e-02 5.56159735e-01 9.21145827e-02
      5.53513408e-01 8.98090750e-02 5.52130520e-01 8.82728845e-02
      5.56344271e-01 8.06777328e-02 5.77240288e-01 5.57689406e-02
      5.80184937e-01 5.28576598e-02 5.86903930e-01 4.68472652e-02
      5.89365184e-01 4.51647863e-02 6.04796469e-01 4.36778180e-02
      6.10776126e-01 4.34556417e-02 6.21547639e-01 4.40575071e-02
      6.46680236e-01 4.58243638e-02</contour2d>
    <histogram type_id="opencv-matrix">
      <rows>20</rows>
      <cols>1</cols>
      <dt>f</dt>
      <data>
        1.70292109e-01 0. 0. 0. 0. 0. 0. 0. 0. 1.30515844e-02 0. 0. 0.
        0. 0. 0. 0. 0. 2.20633939e-01 5.96022367e-01</data></histogram></_></obj>
</opencv_storage>
