<?xml version="1.0"?>
<opencv_storage>
<obj>
  <_><id>0</id>
    <height>2.0538473129272461e-01</height>
    <contour2d>
      8.25752616e-01 -3.28313142e-01 8.47172618e-01 -2.74366528e-01
      8.70860994e-01 -1.88228399e-01 8.75509918e-01 -1.70159400e-01
      9.13913667e-01 3.53912413e-02 8.76483083e-01 2.72349805e-01
      8.67656231e-01 3.10811400e-01 8.56816769e-01 3.56517583e-01
      8.20519924e-01 4.20084804e-01 5.71183264e-01 5.01492769e-02
      5.68852663e-01 4.34533656e-02 5.69223881e-01 4.17822860e-02
      5.69994211e-01 4.02133092e-02</contour2d>
    <histogram type_id="opencv-matrix">
      <rows>20</rows>
      <cols>1</cols>
      <dt>f</dt>
      <data>
        9.23431933e-01 0. 0. 0. 0. 0. 0. 0. 0. 2.63893418e-02 0. 0. 0.
        0. 0. 0. 0. 0. 3.46441343e-02 1.55346124e-02</data></histogram></_>
  <_><id>1</id>
    <height>1.6700530052185059e-01</height>
    <contour2d>
      7.77875364e-01 9.78810266e-02 7.70994127e-01 1.25626281e-01
      7.69178331e-01 1.32145047e-01 7.66303539e-01 1.36220828e-01
      7.39640415e-01 1.39514342e-01 6.70324445e-01 1.37009159e-01
      6.62530243e-01 1.35864347e-01 6.10672176e-01 1.25621930e-01
      5.77317417e-01 1.16738699e-01 5.48073530e-01 1.08512960e-01
      5.35290003e-01 1.03263840e-01 5.29674411e-01 1.00660339e-01
      5.24932265e-01 9.65999663e-02 5.22885859e-01 9.44817811e-02
      5.15709162e-01 7.79702738e-02 5.15369236e-01 7.63989165e-02
      5.16160131e-01 7.18798861e-02 5.17084062e-01 7.05209449e-02
      5.18417180e-01 6.92209527e-02 5.30563354e-01 6.19618073e-02
      5.35896182e-01 5.90636134e-02 5.37598968e-01 5.84286638e-02
      5.41995049e-01 5.72932400e-02 5.49257457e-01 5.64741120e-02
      5.63648045e-01 5.73951788e-02 5.84525824e-01 5.92666902e-02
      6.46839023e-01 6.53618500e-02 6.72938645e-01 6.81720078e-02
      7.55397022e-01 9.06041265e-02</contour2d>
    <histogram type_id="opencv-matrix">
      <rows>20</rows>
      <cols>1</cols>
      <dt>f</dt>
      <data>
        1.78655669e-01 0. 0. 0. 0. 0. 0. 0. 0. 2.97759444e-01 0. 0. 0.
        0. 0. 0. 0. 0. 3.29009444e-01 1.94575474e-01</data></histogram></_>
  <_><id>2</id>
    <height>1.6770899295806885e-01</height>
    <contour2d>
      8.49573374e-01 1.34029090e-01 8.42224002e-01 1.52913675e-01
      8.37070107e-01 1.54540420e-01 8.24272513e-01 1.54781714e-01
      6.89266384e-01 1.37970716e-01 6.79071784e-01 1.36317790e-01
      6.47457182e-01 1.29488111e-01 5.95556796e-01 1.15884170e-01
      5.83250523e-01 1.12066492e-01 5.47668815e-01 9.80314389e-02
      5.35600007e-01 9.01435316e-02 5.26187241e-01 8.05966184e-02
      5.24967492e-01 7.57894665e-02 5.24896204e-01 7.42494017e-02
      5.25173485e-01 7.27675483e-02 5.28368473e-01 7.02167973e-02
      5.48656344e-01 5.94277903e-02 5.51768720e-01 5.78912385e-02
      5.55850148e-01 5.66613153e-02 5.62334418e-01 5.56818843e-02
      5.74343324e-01 5.50818332e-02 6.62620723e-01 6.34131208e-02
      7.67477989e-01 8.95313844e-02 8.51687193e-01 1.14694789e-01</contour2d>
    <histogram type_id="opencv-matrix">
      <rows>20</rows>
      <cols>1</cols>
      <dt>f</dt>
      <data>
        6.77458048e-02 0. 0. 0. 0. 0. 0. 0. 0. 3.77697855e-01 0. 0. 0.
        0. 0. 0. 0. 0. 3.57314169e-01 1.97242215e-01</data></histogram></_>
  <_><id>3</id>
    <height>1.6569876670837402e-01</height>
    <contour2d>
      8.50926101e-01 1.44333407e-01 8.39758515e-01 1.49979323e-01
      8.18861187e-01 1.51505575e-01 6.55674100e-01 1.28724635e-01
      6.46743238e-01 1.27352268e-01 5.82419693e-01 1.12077028e-01
      5.50654769e-01 1.03891812e-01 5.45726240e-01 1.01066910e-01
      5.42849183e-01 9.90802273e-02 5.37409961e-01 9.42939743e-02
      5.28595686e-01 8.10372233e-02 5.26477516e-01 7.75832087e-02
      5.26020169e-01 7.44393766e-02 5.27512133e-01 7.16178641e-02
      5.30228317e-01 6.89654574e-02 5.37449121e-01 6.35855943e-02
      5.52004874e-01 5.96431531e-02 5.57617009e-01 5.88282980e-02
      5.61219692e-01 5.88540435e-02 6.55852318e-01 6.48716465e-02
      6.81073308e-01 6.67230934e-02 6.87481701e-01 6.73287362e-02
      8.06387424e-01 9.03590620e-02 8.52937758e-01 1.09947704e-01</contour2d>
    <histogram type_id="opencv-matrix">
      <rows>20</rows>
      <cols>1</cols>
      <dt>f</dt>
      <data>
        1.12530410e-01 0. 0. 0. 0. 0. 0. 0. 0. 4.21532840e-01 0. 0. 0.
        0. 0. 0. 0. 0. 3.41240883e-01 1.24695860e-01</data></histogram></_>
  <_><id>4</id>
    <height>1.6786861419677734e-01</height>
    <contour2d>
      8.57887387e-01 1.30318925e-01 8.55986357e-01 1.40108138e-01
      8.42075706e-01 1.50440171e-01 8.26698005e-01 1.52884945e-01
      6.45941377e-01 1.31329805e-01 6.23105466e-01 1.25578240e-01
      5.78236341e-01 1.13136612e-01 5.64222455e-01 1.07549481e-01
      5.55548489e-01 1.02116577e-01 5.34308255e-01 8.83242637e-02
      5.30827284e-01 8.45422372e-02 5.26875794e-01 7.91879445e-02
      5.26201129e-01 7.75345638e-02 5.28096139e-01 7.17125013e-02
      5.30708611e-01 6.90399632e-02 5.47950268e-01 5.83577901e-02
      5.58723450e-01 5.38993590e-02 5.67151546e-01 5.24990484e-02
      5.94428599e-01 5.28437719e-02 6.18896902e-01 5.45190051e-02
      6.34867787e-01 5.67344688e-02 6.63863599e-01 6.14347495e-02
      6.94857001e-01 6.80403560e-02 8.38801801e-01 1.03239603e-01
      8.55043650e-01 1.12723380e-01 8.58868301e-01 1.15590014e-01</contour2d>
    <histogram type_id="opencv-matrix">
      <rows>20</rows>
      <cols>1</cols>
      <dt>f</dt>
      <data>
        9.46843848e-02 0. 0. 0. 0. 0. 0. 0. 0. 4.31893706e-01 0. 0. 0.
        0. 0. 0. 0. 0. 3.44961256e-01 1.28460690e-01</data></histogram></_>
  <_><id>5</id>
    <height>1.6937732696533203e-01</height>
    <contour2d>
      8.54083598e-01 1.32144094e-01 8.47411454e-01 1.43670559e-01
      8.33136559e-01 1.51549816e-01 6.98011875e-01 1.35317653e-01
      6.54625595e-01 1.28704920e-01 5.78880012e-01 1.09666362e-01
      5.67317128e-01 1.06079929e-01 5.54546893e-01 1.00520492e-01
      5.42411804e-01 9.12017897e-02 5.32570601e-01 8.30397457e-02
      5.29822826e-01 7.97168240e-02 5.28641701e-01 7.79640675e-02
      5.27573466e-01 7.16277882e-02 5.30281007e-01 6.87422231e-02
      5.33291340e-01 6.61040395e-02 5.36613882e-01 6.34680465e-02
      5.44079602e-01 5.90526536e-02 5.49759269e-01 5.67407534e-02
      5.63719094e-01 5.58436140e-02 6.84402406e-01 6.49291351e-02
      8.55247438e-01 1.02854863e-01 8.56488645e-01 1.07809983e-01</contour2d>
    <histogram type_id="opencv-matrix">
      <rows>20</rows>
      <cols>1</cols>
      <dt>f</dt>
      <data>
        2.33702332e-01 0. 0. 0. 0. 0. 0. 0. 0. 2.25092247e-01 0. 0. 0.
        0. 0. 0. 0. 0. 3.49323481e-01 1.91881910e-01</data></histogram></_>
  <_><id>6</id>
    <height>1.7110812664031982e-01</height>
    <contour2d>
      8.50081325e-01 1.44174099e-01 8.42666626e-01 1.53003126e-01
      8.20894480e-01 1.54073864e-01 8.04888546e-01 1.54262349e-01
      6.78696394e-01 1.36458650e-01 5.55176318e-01 1.04524024e-01
      5.40201485e-01 9.88653079e-02 5.35550952e-01 9.48034897e-02
      5.26516914e-01 8.07927251e-02 5.26239097e-01 7.93404058e-02
      5.25967896e-01 7.45559335e-02 5.26264429e-01 7.29481578e-02
      5.27123451e-01 7.15548620e-02 5.41249454e-01 5.93300611e-02
      5.47103226e-01 5.64160645e-02 5.58384836e-01 5.56193963e-02
      5.82081318e-01 5.55566996e-02 5.94123721e-01 5.62058277e-02
      6.04956925e-01 5.70032969e-02 6.20167851e-01 5.83678037e-02
      6.51046932e-01 6.23518601e-02 6.85104311e-01 6.92357123e-02
      7.67969847e-01 8.94521028e-02 8.42268705e-01 1.08588047e-01
      8.53114903e-01 1.19844019e-01</contour2d>
    <histogram type_id="opencv-matrix">
      <rows>20</rows>
      <cols>1</cols>
      <dt>f</dt>
      <data>
        2.94369966e-01 0. 0. 0. 0. 0. 0. 0. 0. 1.87667564e-01 0. 0. 0.
        0. 0. 0. 0. 0. 3.03485245e-01 2.14477211e-01</data></histogram></_>
  <_><id>7</id>
    <height>1.6462981700897217e-01</height>
    <contour2d>
