<?xml version="1.0"?>
<opencv_storage>
<obj>
  <_><id>1</id>
    <height>2.6108801364898682e-02</height>
    <contour2d>
      6.74791574e-01 1.31833971e-01 6.56092048e-01 1.33489683e-01
      6.21987462e-01 1.34180948e-01 6.18391871e-01 1.32623643e-01
      6.14827156e-01 1.29246265e-01 6.07535958e-01 6.56147003e-02
      5.94818950e-01 -6.23530410e-02 6.00203753e-01 -8.87221545e-02
      6.01397276e-01 -9.02275294e-02 6.03774667e-01 -9.17255729e-02
      6.08502746e-01 -9.36534628e-02 6.63111925e-01 -9.91239026e-02
      6.63707256e-01 -9.72014889e-02 6.64323568e-01 -9.43596512e-02
      6.81991696e-01 6.60307556e-02 6.81765199e-01 1.02578223e-01
      6.79833531e-01 1.28940508e-01</contour2d>
    <histogram type_id="opencv-matrix">
      <rows>20</rows>
      <cols>1</cols>
      <dt>f</dt>
      <data>
        2.35484570e-01 1.39866173e-01 4.61903736e-02 7.98618607e-03
        1.94258580e-03 2.15842869e-04 2.15842869e-04 0. 4.31685738e-04
        2.15842869e-04 2.80595734e-03 3.02180019e-03 6.90697180e-03
        1.89941730e-02 2.61169877e-02 3.97150889e-02 7.81351179e-02
        2.74767965e-01 0. 1.16986834e-01</data></histogram></_>
  <_><id>2</id>
    <height>2.6626884937286377e-02</height>
    <contour2d>
      7.16512203e-01 9.45363119e-02 7.15217352e-01 9.61695537e-02
      6.72896743e-01 1.24506727e-01 6.66018009e-01 1.28809422e-01
      6.59690380e-01 1.28682643e-01 6.54294252e-01 1.23335838e-01
      5.30674756e-01 -1.81647353e-02 5.29525042e-01 -1.96460467e-02
      5.28455794e-01 -2.67643984e-02 5.27229965e-01 -3.98852117e-02
      5.27334690e-01 -4.54977937e-02 5.72926164e-01 -8.24395642e-02
      5.74084401e-01 -8.24324489e-02 5.76391697e-01 -8.09386447e-02
      6.82860017e-01 4.08109836e-02 7.12609529e-01 7.91018903e-02
      7.16522336e-01 9.28952023e-02</contour2d>
    <histogram type_id="opencv-matrix">
      <rows>20</rows>
      <cols>1</cols>
      <dt>f</dt>
      <data>
        2.73105562e-01 1.62505478e-01 5.60665801e-02 6.35129213e-03
        6.57030265e-04 2.19010079e-04 4.38020157e-04 8.76040314e-04
        2.19010079e-04 6.57030265e-04 2.84713111e-03 4.38020146e-03
        7.22733280e-03 1.59877352e-02 1.86158568e-02 4.13929038e-02
        1.01620674e-01 2.25799397e-01 0. 8.10337290e-02</data></histogram></_>
  <_><id>3</id>
    <height>2.0160079002380371e-02</height>
    <contour2d>
      7.36358285e-01 4.24606688e-02 7.31672525e-01 5.55107258e-02
      7.11199403e-01 9.35475975e-02 7.08677292e-01 9.69779119e-02
      7.00304985e-01 9.46177840e-02 6.94542170e-01 9.24892128e-02
      5.14739215e-01 1.42178861e-02 5.12325168e-01 5.83292590e-03
      5.11757016e-01 1.58678286e-03 5.11774600e-01 -1.24394021e-03
      5.12917578e-01 -6.89858384e-03 5.32856464e-01 -5.28809577e-02
      5.37380099e-01 -5.71619198e-02 5.39578438e-01 -5.72941229e-02
      7.12923288e-01 2.04865541e-02 7.28470683e-01 3.06036975e-02
      7.34378099e-01 3.57289501e-02 7.36368537e-01 4.08056788e-02</contour2d>
    <histogram type_id="opencv-matrix">
      <rows>20</rows>
      <cols>1</cols>
      <dt>f</dt>
      <data>
        2.26125911e-01 1.27564251e-01 4.45649624e-02 7.07380334e-03
        7.07380357e-04 4.71586885e-04 2.35793443e-04 2.35793443e-04
        2.35793443e-04 1.88634754e-03 3.53690167e-03 5.89483604e-03
        8.72435700e-03 2.21645832e-02 3.11247353e-02 4.76302765e-02
        1.07757606e-01 2.20702663e-01 0. 1.43362418e-01</data></histogram></_>
  <_><id>4</id>
    <height>1.9790172576904297e-02</height>
    <contour2d>
      7.35690415e-01 2.69131996e-02 7.34314740e-01 3.01501341e-02
      7.26397216e-01 3.32044996e-02 6.63270473e-01 4.40240130e-02
      6.03397191e-01 5.38440160e-02 5.47798872e-01 6.14620633e-02
      5.22302389e-01 6.34085760e-02 5.20146787e-01 6.32459670e-02
      5.19049823e-01 6.18221238e-02 5.07036269e-01 1.62948109e-02
      5.05972028e-01 2.28543486e-03 5.05982876e-01 8.82218126e-04
      5.08124709e-01 -1.92160113e-03 5.13662875e-01 -6.09930977e-03
      6.49003029e-01 -2.91728899e-02 7.01733351e-01 -3.50464098e-02
      7.27091670e-01 -3.57616432e-02 7.28401005e-01 -3.25384662e-02
      7.35805213e-01 1.20651498e-02</contour2d>
    <histogram type_id="opencv-matrix">
      <rows>20</rows>
      <cols>1</cols>
      <dt>f</dt>
      <data>
        2.09575430e-01 9.16892514e-02 3.34236696e-02 7.22673908e-03
        1.58084917e-03 0. 6.77506789e-04 4.51671192e-04 2.25835596e-04
        4.51671192e-04 1.12917798e-03 2.03252025e-03 7.22673908e-03
        2.34869011e-02 2.48419158e-02 4.99096662e-02 1.06820241e-01
        2.65356839e-01 0. 1.73893407e-01</data></histogram></_>
  <_><id>5</id>
    <height>2.4515390396118164e-02</height>
    <contour2d>
      7.18179584e-01 -6.33818954e-02 7.21983314e-01 -5.84447570e-02
      7.19887912e-01 -5.32406643e-02 7.15960383e-01 -4.66506667e-02
      6.99113429e-01 -2.21870318e-02 6.23434901e-01 7.47391582e-02
      5.87677658e-01 1.16599508e-01 5.85322440e-01 1.18078485e-01
      5.84150612e-01 1.18069492e-01 5.80711365e-01 1.17514767e-01
      5.76133430e-01 1.15468144e-01 5.37425816e-01 8.74368623e-02
      5.36309958e-01 8.59885812e-02 5.35172641e-01 7.89619610e-02
      5.39940000e-01 6.55609816e-02 5.49056351e-01 4.42365147e-02
      6.56287789e-01 -9.16277766e-02 6.77642822e-01 -1.00437000e-01
      6.78233862e-01 -1.00088857e-01</contour2d>
    <histogram type_id="opencv-matrix">
      <rows>20</rows>
      <cols>1</cols>
      <dt>f</dt>
      <data>
        2.83319354e-01 1.56119034e-01 5.80469407e-02 1.17351217e-02
        2.93378043e-03 4.19111486e-04 0. 2.09555743e-04 8.38222972e-04
        4.19111486e-04 2.30511324e-03 2.72422470e-03 7.54400669e-03
        1.55071253e-02 2.28415765e-02 3.73009220e-02 8.36127400e-02
        2.51886010e-01 0. 6.22380562e-02</data></histogram></_>
  <_><id>6</id>
    <height>2.2604167461395264e-02</height>
    <contour2d>
      6.48173809e-01 1.18075632e-01 5.95348597e-01 1.21508464e-01
      5.93026221e-01 1.19713932e-01 5.89549303e-01 1.14907771e-01
      5.85685730e-01 9.86032188e-02 5.84066153e-01 -1.28647806e-02
      5.86757004e-01 -7.69981518e-02 5.87945819e-01 -8.78448039e-02
      5.92801213e-01 -1.11233048e-01 5.95647931e-01 -1.12685546e-01
      6.55725956e-01 -1.07697159e-01 6.56579018e-01 3.97688262e-02
      6.56327724e-01 8.03157389e-02 6.53742313e-01 9.88024920e-02
      6.50650263e-01 1.15208104e-01</contour2d>
    <histogram type_id="opencv-matrix">
      <rows>20</rows>
      <cols>1</cols>
      <dt>f</dt>
      <data>
        2.71682352e-01 1.42946705e-01 4.11703251e-02 7.52351107e-03
        1.04493205e-03 4.17972828e-04 2.08986414e-04 2.08986414e-04 0.
        6.26959256e-04 3.55276908e-03 3.55276908e-03 1.14942528e-02
        1.12852659e-02 1.94357373e-02 4.05433625e-02 1.00940436e-01
        2.59561121e-01 0. 8.38035494e-02</data></histogram></_>
  <_><id>7</id>
    <height>2.7041733264923096e-02</height>
    <contour2d>
      7.11434603e-01 8.46580490e-02 6.69897914e-01 1.14228517e-01
      6.65527940e-01 1.13841906e-01 6.48280501e-01 1.00863881e-01
      6.27130389e-01 7.87734240e-02 5.75850010e-01 1.37078129e-02
      5.36267400e-01 -4.25843187e-02 5.30782104e-01 -5.10619953e-02
      5.28640866e-01 -5.66327870e-02 5.28595209e-01 -6.83588833e-02
      5.53157926e-01 -8.68658945e-02 5.75381696e-01 -9.67491567e-02
      5.82256377e-01 -9.91376191e-02 5.84609270e-01 -9.86442044e-02
      5.86916566e-01 -9.71503407e-02 6.89133167e-01 3.76540013e-02
      7.15359688e-01 7.31939003e-02 7.15319037e-01 7.97583759e-02</contour2d>
    <histogram type_id="opencv-matrix">
      <rows>20</rows>
      <cols>1</cols>
      <dt>f</dt>
      <data>
        2.56706655e-01 1.30861506e-01 4.31842953e-02 5.88876754e-03
        8.72410019e-04 2.18102505e-04 2.18102505e-04 0. 0.
        1.09051249e-03 3.27153760e-03 7.41548510e-03 1.06870225e-02
        1.41766630e-02 2.31188647e-02 3.75136323e-02 1.02290072e-01
        2.74809152e-01 0. 8.76772106e-02</data></histogram></_>
  <_><id>8</id>
