<?xml version="1.0"?>
<opencv_storage>
<trainning_ids>
  <blue>
    <huemin>94</huemin>
    <huemax>106</huemax>
    <satmin>95</satmin>
    <satmax>247</satmax>
    <valmin>104</valmin>
    <valmax>250</valmax>
    <eigen_val>
      1.0655210440215405e+03 8.3277481396662506e+02</eigen_val>
    <eigen_vec>
      9.9688007052463146e-01 7.8931140817839696e-02
      -7.8931140817839696e-02 9.9688007052463146e-01</eigen_vec>
    <min_area>4885.</min_area>
    <max_area>6.6285000000000000e+03</max_area></blue>
  <green>
    <huemin>35</huemin>
    <huemax>53</huemax>
    <satmin>133</satmin>
    <satmax>254</satmax>
    <valmin>121</valmin>
    <valmax>215</valmax>
    <eigen_val>
      5.1072959436449707e+02 3.8081040563550295e+02</eigen_val>
    <eigen_vec>
      1.7633244476401164e-01 9.8433067051857481e-01
      9.8433067051857481e-01 -1.7633244476401164e-01</eigen_vec>
    <min_area>1605.</min_area>
    <max_area>2.7305000000000000e+03</max_area></green>
  <orange>
    <huemin>0</huemin>
    <huemax>14</huemax>
    <satmin>137</satmin>
    <satmax>254</satmax>
    <valmin>144</valmin>
    <valmax>227</valmax>
    <eigen_val>
      5.3437878943613373e+02 2.3955871056386627e+02</eigen_val>
    <eigen_vec>
      4.8335278337732263e-01 8.7542566035123448e-01
      8.7542566035123448e-01 -4.8335278337732263e-01</eigen_vec>
    <min_area>1.4975000000000000e+03</min_area>
    <max_area>5.9365000000000000e+03</max_area></orange>
  <purple>
    <huemin>137</huemin>
    <huemax>153</huemax>
    <satmin>76</satmin>
    <satmax>218</satmax>
    <valmin>107</valmin>
    <valmax>208</valmax>
    <eigen_val>
      5.0086520326861745e+02 2.7050479673138267e+02</eigen_val>
    <eigen_vec>
      -8.0833923354256015e-02 9.9672758406455186e-01
      9.9672758406455186e-01 8.0833923354256015e-02</eigen_vec>
    <min_area>1620.</min_area>
    <max_area>6695.</max_area></purple>
  <red>
    <huemin>161</huemin>
    <huemax>179</huemax>
    <satmin>118</satmin>
    <satmax>253</satmax>
    <valmin>125</valmin>
    <valmax>212</valmax>
    <eigen_val>
      4.7703550188062928e+02 1.8871758453912375e+02</eigen_val>
    <eigen_vec>
      -3.2203093652955611e-01 9.4672914601690417e-01
      9.4672914601690417e-01 3.2203093652955611e-01</eigen_vec>
    <min_area>1313.</min_area>
    <max_area>7.3955000000000000e+03</max_area></red>
  <yellow>
    <huemin>28</huemin>
    <huemax>33</huemax>
    <satmin>91</satmin>
    <satmax>254</satmax>
    <valmin>202</valmin>
    <valmax>250</valmax>
    <eigen_val>
      3.4954845860078660e+02 1.9745154139921337e+02</eigen_val>
    <eigen_vec>
      4.3827194445259859e-01 8.9884242373496059e-01
      8.9884242373496059e-01 -4.3827194445259859e-01</eigen_vec>
    <min_area>1557.</min_area>
    <max_area>8.7205000000000000e+03</max_area></yellow></trainning_ids>
</opencv_storage>
