<?xml version="1.0"?>
<opencv_storage>
<obj>
  <_><id>1</id>
    <height>2.3680388927459717e-02</height>
    <contour2d>
      6.89409256e-01 -4.79586087e-02 6.64076984e-01 -7.40814907e-03
      6.36565626e-01 1.74766742e-02 6.20247066e-01 2.79419441e-02
      6.11661017e-01 3.07478979e-02 5.93663275e-01 3.60859409e-02
      5.73122561e-01 3.97366360e-02 5.72186112e-01 3.97375226e-02
      5.30208051e-01 3.40003148e-02 4.97333586e-01 1.13581484e-02
      4.95583773e-01 1.00017488e-02 4.92653310e-01 7.26853171e-03
      4.82748568e-01 -3.52707016e-03 4.81581330e-01 -1.82276051e-02
      4.73227561e-01 -1.41290233e-01 4.82442379e-01 -1.51951715e-01
      4.85339254e-01 -1.55029327e-01 4.96097684e-01 -1.64136961e-01
      5.10323763e-01 -1.74899444e-01 5.22687793e-01 -1.81963354e-01
      5.64013243e-01 -1.93356782e-01 5.82128108e-01 -1.93900734e-01
      5.95332444e-01 -1.91723123e-01 6.15558267e-01 -1.84050158e-01
      6.33220732e-01 -1.76654130e-01 6.57608569e-01 -1.63499564e-01
      6.87328041e-01 -1.41632408e-01 6.91490173e-01 -7.86474943e-02
      6.91865265e-01 -6.91040978e-02 6.91865325e-01 -5.61555289e-02</contour2d>
    <histogram type_id="opencv-matrix">
      <rows>20</rows>
      <cols>1</cols>
      <dt>f</dt>
      <data>
        5.86126268e-01 2.49415431e-02 3.89711611e-04 0. 0. 0. 0. 0. 0.
        0. 0. 0. 0. 1.55884644e-03 3.50740459e-03 4.67653945e-03
        2.84489468e-02 3.50350738e-01 0. 0.</data></histogram></_>
  <_><id>2</id>
    <height>2.1289348602294922e-02</height>
    <contour2d>
      6.67181373e-01 -5.81718870e-02 6.67181373e-01 -5.50007261e-02
      6.56819701e-01 -2.45463029e-02 6.42909467e-01 3.58502893e-03
      6.11661017e-01 3.37731801e-02 5.94618738e-01 4.05343957e-02
      5.68440437e-01 4.55554165e-02 5.64356506e-01 4.54491340e-02
      5.39819300e-01 4.18497510e-02 5.22112429e-01 3.40079665e-02
      5.04176319e-01 2.12128703e-02 4.89751786e-01 8.67248885e-03
      4.82765257e-01 -4.88496618e-03 4.77278352e-01 -1.69503056e-02
      4.72105116e-01 -3.69398780e-02 4.70962524e-01 -4.35128026e-02
      4.70962495e-01 -4.88478653e-02 4.71821666e-01 -6.61875382e-02
      4.72966433e-01 -8.10693651e-02 4.73827899e-01 -8.37446600e-02
      4.84499097e-01 -1.07176229e-01 4.93833631e-01 -1.20371625e-01
      4.97953564e-01 -1.25083908e-01 5.17614424e-01 -1.40522718e-01
      5.28486609e-01 -1.45798132e-01 5.54631412e-01 -1.51744753e-01
      5.75707018e-01 -1.54324636e-01 6.06701136e-01 -1.46724731e-01
      6.28221154e-01 -1.37673631e-01 6.55175149e-01 -1.09281197e-01</contour2d>
    <histogram type_id="opencv-matrix">
      <rows>20</rows>
      <cols>1</cols>
      <dt>f</dt>
      <data>
        6.73409164e-01 7.65361940e-04 1.09337416e-04 1.09337416e-04
        1.09337416e-04 0. 0. 0. 0. 0. 0. 3.28012247e-04 1.09337416e-04
        1.09337416e-04 1.09337410e-03 1.85873604e-03 6.23223279e-03
        3.15219760e-01 0. 5.46687050e-04</data></histogram></_>
  <_><id>3</id>
    <height>2.3812592029571533e-02</height>
    <contour2d>
      6.53795600e-01 -1.20255686e-02 6.43965542e-01 3.59814730e-03
      6.40915811e-01 8.22900981e-03 6.38554871e-01 1.12992162e-02
      6.19216740e-01 3.08846179e-02 5.98212898e-01 4.22135256e-02
      5.88886082e-01 4.64722589e-02 5.43164313e-01 4.45880666e-02
      5.23645818e-01 4.11942974e-02 5.06255388e-01 2.95702126e-02
      4.96200740e-01 2.24269517e-02 4.92677748e-01 1.96131747e-02
      4.85672057e-01 1.13389203e-02 4.84219193e-01 8.61945748e-03
      4.81602520e-01 -3.52996425e-03 4.79554832e-01 -2.88495943e-02
      4.76397872e-01 -8.47546086e-02 4.76413310e-01 -9.07838419e-02
      4.78142947e-01 -9.61552784e-02 4.87709373e-01 -1.14933528e-01
      5.12180805e-01 -1.37569413e-01 5.30299067e-01 -1.44393131e-01
      5.49342275e-01 -1.48149833e-01 5.57407081e-01 -1.48874968e-01
      5.66809237e-01 -1.48513466e-01 5.80230772e-01 -1.46772757e-01
      6.05733335e-01 -1.40714988e-01 6.08029425e-01 -1.39535442e-01
      6.43328846e-01 -1.17763951e-01 6.51134074e-01 -1.09277375e-01
      6.51492417e-01 -1.07946731e-01 6.59216344e-01 -5.12612537e-02
      6.58206165e-01 -3.24417725e-02</contour2d>
    <histogram type_id="opencv-matrix">
      <rows>20</rows>
      <cols>1</cols>
      <dt>f</dt>
      <data>
        7.01250136e-01 3.50508228e-04 3.50508228e-04 0. 0. 0. 0. 0. 0.
        0. 0. 0. 0. 0. 2.33672152e-04 7.01016455e-04 2.92090187e-03
        2.94193238e-01 0. 0.</data></histogram></_>
  <_><id>4</id>
    <height>2.5276422500610352e-02</height>
    <contour2d>
      6.60605133e-01 -3.40862311e-02 6.40915811e-01 3.58691369e-03
      6.39918983e-01 5.13520185e-03 6.37925267e-01 6.68446254e-03
      6.26509190e-01 1.27183450e-02 6.02780342e-01 2.44445819e-02
      5.99172711e-01 2.58219838e-02 5.83964765e-01 2.98389737e-02
      5.64356506e-01 3.09479758e-02 5.55557132e-01 3.06546744e-02
      5.27580857e-01 2.30066851e-02 4.93557036e-01 -7.68802268e-03
      4.89751697e-01 -1.31122563e-02 4.84799266e-01 -2.38798223e-02
      4.83632207e-01 -3.18041109e-02 4.79296744e-01 -9.50580388e-02
      4.79296714e-01 -9.77498814e-02 4.86535490e-01 -1.14200495e-01
      4.97083008e-01 -1.29669368e-01 5.09198904e-01 -1.42730460e-01
      5.25453210e-01 -1.55259073e-01 5.33669412e-01 -1.59243375e-01
      5.40087819e-01 -1.61253363e-01 5.61217487e-01 -1.65867910e-01
      5.65877259e-01 -1.65872321e-01 5.79237342e-01 -1.65331796e-01
      6.04765534e-01 -1.63247317e-01 6.28221095e-01 -1.51490569e-01
      6.36928022e-01 -1.46504194e-01 6.57195628e-01 -1.20260581e-01
      6.60604954e-01 -1.00096926e-01 6.66113019e-01 -5.95621504e-02
      6.66113019e-01 -5.79818115e-02</contour2d>
    <histogram type_id="opencv-matrix">
      <rows>20</rows>
      <cols>1</cols>
      <dt>f</dt>
      <data>
        6.75486207e-01 1.35685212e-03 3.39213031e-04 1.13071008e-04 0.
        0. 0. 0. 0. 0. 0. 0. 0. 0. 3.39213031e-04 5.65355062e-04
        6.10583462e-03 3.15694243e-01 0. 0.</data></histogram></_>
  <_><id>5</id>
    <height>2.0441055297851562e-02</height>
    <contour2d>
      6.57195628e-01 -1.20260581e-01 6.69963241e-01 -7.75369033e-02
      6.69963241e-01 -7.59443417e-02 6.60605133e-01 -3.25145125e-02
      6.53795600e-01 -1.51550518e-02 6.44965708e-01 -1.06052484e-03
      6.39918983e-01 3.58785619e-03 6.14219308e-01 1.86002571e-02
      5.98569989e-01 2.58840639e-02 5.83964765e-01 2.98389737e-02
      5.59018135e-01 2.93590352e-02 5.37933290e-01 2.59727426e-02
      5.15778065e-01 1.43544516e-02 5.07734060e-01 7.40301050e-03
      4.96195138e-01 -4.96051973e-03 4.89751697e-01 -1.44737819e-02
      4.84799266e-01 -2.52344534e-02 4.84219074e-01 -2.92607192e-02
      4.79858190e-01 -9.17737782e-02 4.79872584e-01 -9.61569101e-02
      4.81319726e-01 -1.02051035e-01 4.97083008e-01 -1.29669368e-01
      5.06226003e-01 -1.40995130e-01 5.13099253e-01 -1.47788614e-01
      5.25767922e-01 -1.55642435e-01 5.45060933e-01 -1.62832037e-01
      5.64945281e-01 -1.65871426e-01 5.81179440e-01 -1.67391390e-01
      5.83076894e-01 -1.67393178e-01 5.96292436e-01 -1.66393027e-01
      6.35570586e-01 -1.47719264e-01 6.56185389e-01 -1.21827811e-01</contour2d>
    <histogram type_id="opencv-matrix">
      <rows>20</rows>
      <cols>1</cols>
      <dt>f</dt>
      <data>
        6.82500839e-01 8.89976625e-04 2.22494156e-04 1.11247078e-04
        1.11247078e-04 0. 0. 0. 0. 0. 0. 0. 0. 0. 4.44988313e-04
        1.00122369e-03 5.89609519e-03 3.08821887e-01 0. 0.</data></histogram></_>
  <_><id>6</id>
    <height>2.8778731822967529e-02</height>
    <contour2d>
      6.68202877e-01 -4.07314822e-02 6.51779592e-01 -4.19998076e-03
      6.45334065e-01 3.60626541e-03 6.16898298e-01 2.32343301e-02
      6.12274826e-01 2.46387385e-02 5.79237878e-01 3.27784158e-02
      5.49403012e-01 3.21755968e-02 5.29726923e-01 2.45651398e-02
      5.16715348e-01 1.72577295e-02 5.01214504e-01 4.63497965e-03
      4.93557036e-01 -6.32302463e-03 4.89751697e-01 -1.31122563e-02
