<?xml version="1.0"?>
<opencv_storage>
<obj>
  <_><id>1</id>
    <height>7.4892282485961914e-02</height>
    <contour2d>
      5.43040454e-01 -2.98913028e-02 5.47992826e-01 -1.65302921e-02
      5.47954917e-01 -8.40274990e-03 5.47360778e-01 -5.68591757e-03
      5.39691508e-01 1.04712266e-02 5.17286956e-01 1.42485965e-02
      5.09583771e-01 1.42917242e-02 4.95960623e-01 8.76265694e-04
      4.94956017e-01 -1.09414980e-02 4.95034546e-01 -2.15069372e-02
      4.97698098e-01 -3.08395047e-02 5.02483547e-01 -3.77896093e-02
      5.10167837e-01 -4.26766463e-02 5.15820384e-01 -4.25916538e-02
      5.30685067e-01 -4.03272770e-02 5.32861888e-01 -3.90909351e-02
      5.36087334e-01 -3.65021713e-02</contour2d>
    <histogram type_id="opencv-matrix">
      <rows>20</rows>
      <cols>1</cols>
      <dt>f</dt>
      <data>
        6.34920672e-02 1.74603179e-01 5.80765665e-01 6.81606010e-02
        7.46965455e-03 9.33706819e-04 0. 9.33706819e-04 0. 0. 0. 0. 0.
        0. 0. 0. 9.33706819e-04 1.02707753e-02 0. 9.24369767e-02</data></histogram></_>
  <_><id>2</id>
    <height>7.7379524707794189e-02</height>
    <contour2d>
      5.43040454e-01 -2.98913028e-02 5.44081450e-01 -2.71946359e-02
      5.46266854e-01 -2.05137786e-02 5.47404945e-01 -1.51558723e-02
      5.47354460e-01 -4.33309050e-03 5.44053674e-01 1.06652745e-03
      5.37497580e-01 9.09763575e-03 5.21033704e-01 1.43130198e-02
      5.15207052e-01 1.42390169e-02 5.07496476e-01 1.29448567e-02
      4.97544020e-01 2.20022071e-03 4.94974405e-01 -1.48802046e-02
      4.94980514e-01 -1.61931403e-02 4.97720897e-01 -3.09260506e-02
      5.01900792e-01 -3.75322513e-02 5.10654569e-01 -4.26154472e-02
      5.16374946e-01 -4.26480547e-02 5.30685067e-01 -4.03272770e-02
      5.34949183e-01 -3.77440974e-02</contour2d>
    <histogram type_id="opencv-matrix">
      <rows>20</rows>
      <cols>1</cols>
      <dt>f</dt>
      <data>
        7.93499053e-02 1.93116635e-01 5.60229421e-01 6.21414892e-02
        4.78011463e-03 0. 0. 0. 0. 0. 0. 0. 0. 0. 0. 9.56022937e-04 0.
        7.64818350e-03 0. 9.17782038e-02</data></histogram></_>
  <_><id>3</id>
    <height>7.7320098876953125e-02</height>
    <contour2d>
      5.46298623e-01 7.83794094e-03 5.44161916e-01 1.18867485e-02
      5.20770431e-01 2.38991436e-02 5.17565846e-01 2.38286275e-02
      5.04197359e-01 1.53946653e-02 4.97605592e-01 2.20050453e-03
      4.96583462e-01 -4.47448227e-04 4.94010329e-01 -9.66401584e-03
      4.93995667e-01 -1.22588351e-02 4.96682078e-01 -2.15928517e-02
      5.00296831e-01 -3.20139416e-02 5.07177949e-01 -3.49548273e-02
      5.16888857e-01 -3.73071916e-02 5.17921925e-01 -3.73024307e-02
      5.34990191e-01 -3.37321684e-02 5.37177920e-01 -3.24749388e-02
      5.38796067e-01 -3.11701093e-02 5.41929543e-01 -2.71283202e-02
      5.47471166e-01 -1.65084749e-02</contour2d>
    <histogram type_id="opencv-matrix">
      <rows>20</rows>
      <cols>1</cols>
      <dt>f</dt>
      <data>
        5.76576591e-02 1.67567566e-01 6.06306314e-01 6.48648664e-02
        2.70270277e-03 9.00900923e-04 0. 0. 0. 0. 0. 0. 0. 0.
        1.80180185e-03 1.80180185e-03 2.70270277e-03 1.08108111e-02 0.
        8.28828812e-02</data></histogram></_>
  <_><id>4</id>
    <height>7.5098156929016113e-02</height>
    <contour2d>
      5.47934711e-01 1.73732154e-02 5.38677871e-01 2.12828070e-02
      5.28381765e-01 2.37390511e-02 5.21107078e-01 2.51020286e-02
      5.04461765e-01 2.44626682e-02 5.02913117e-01 2.05079447e-02
      5.01721561e-01 8.94575380e-04 5.01777172e-01 -1.10310055e-02
      5.02920270e-01 -2.17511319e-02 5.12024581e-01 -3.30414213e-02
      5.16231358e-01 -3.37430350e-02 5.23749769e-01 -3.35499533e-02
      5.39886057e-01 -3.12517434e-02 5.53516686e-01 -1.66017376e-02
      5.54579854e-01 6.56031305e-03</contour2d>
    <histogram type_id="opencv-matrix">
      <rows>20</rows>
      <cols>1</cols>
      <dt>f</dt>
      <data>
        3.25991213e-02 1.15418509e-01 7.09251106e-01 5.55066094e-02
        1.76211458e-03 0. 0. 0. 0. 0. 0. 0. 0. 2.64317193e-03 0.
        8.81057291e-04 1.76211458e-03 5.28634386e-03 0. 7.48898685e-02</data></histogram></_>
  <_><id>5</id>
    <height>7.5141847133636475e-02</height>
    <contour2d>
      5.55610120e-01 1.47552714e-02 5.41933298e-01 2.26994958e-02
      5.35490215e-01 2.53163520e-02 5.19786358e-01 2.43406706e-02
      5.17029583e-01 2.17444133e-02 5.09590030e-01 1.29544996e-02
      5.06930709e-01 4.90096118e-03 5.05485713e-01 -5.95109491e-03
      5.05875707e-01 -9.65598039e-03 5.07622898e-01 -2.04268862e-02
      5.11778593e-01 -2.83725411e-02 5.16823292e-01 -3.05943023e-02
      5.23339450e-01 -3.23584341e-02 5.38838744e-01 -3.26024778e-02
      5.43040454e-01 -2.98913028e-02 5.46298325e-01 -2.72606574e-02
      5.53421021e-01 -1.92698687e-02 5.56707680e-01 -1.52254477e-02
      5.59541464e-01 9.33957100e-03 5.57867885e-01 1.20601133e-02</contour2d>
    <histogram type_id="opencv-matrix">
      <rows>20</rows>
      <cols>1</cols>
      <dt>f</dt>
      <data>
        1.02996258e-02 1.26404494e-01 7.38764048e-01 5.61797768e-02
        2.80898879e-03 0. 0. 0. 0. 0. 0. 9.36329598e-04 9.36329598e-04
        4.68164776e-03 1.87265920e-03 0. 9.36329598e-04 0. 0.
        5.61797768e-02</data></histogram></_>
  <_><id>6</id>
    <height>7.7585816383361816e-02</height>
    <contour2d>
      5.55622876e-01 1.20252762e-02 5.52304864e-01 1.47086028e-02
      5.30881226e-01 2.68012676e-02 5.23767889e-01 2.38014348e-02
      5.10157049e-01 1.29990671e-02 5.07515192e-01 8.93321075e-03
      5.05851030e-01 -4.36960394e-03 5.05881846e-01 -1.09775495e-02
      5.06941020e-01 -1.62591580e-02 5.15072823e-01 -3.12360544e-02
      5.17217517e-01 -3.40088680e-02 5.35025358e-01 -3.38256098e-02
      5.40945888e-01 -3.25927734e-02 5.44204652e-01 -3.13185044e-02
      5.48527002e-01 -2.86794808e-02 5.55673659e-01 -2.20380146e-02
      5.56714058e-01 -1.65870115e-02 5.56704104e-01 9.30017699e-03</contour2d>
    <histogram type_id="opencv-matrix">
      <rows>20</rows>
      <cols>1</cols>
      <dt>f</dt>
      <data>
        9.24974307e-03 1.06885925e-01 7.26618707e-01 5.13874628e-02
        4.11099708e-03 1.02774927e-03 0. 0. 0. 0. 2.05549854e-03 0.
        1.02774927e-03 2.05549854e-03 1.02774927e-03 0. 1.02774927e-03
        5.13874646e-03 0. 8.83864388e-02</data></histogram></_>
  <_><id>7</id>
    <height>7.6759219169616699e-02</height>
    <contour2d>
      5.50282478e-01 -3.01490705e-02 5.56714058e-01 -1.65870115e-02
      5.56669593e-01 -7.05627678e-03 5.55546701e-01 5.19262254e-03
      5.54461837e-01 9.27229784e-03 5.52311182e-01 1.33470669e-02
      5.50073504e-01 1.46668833e-02 5.30558646e-01 2.38048360e-02
      5.09612858e-01 1.43233016e-02 5.07515192e-01 8.93321075e-03
      5.04909813e-01 -5.98473335e-03 5.04929006e-01 -1.00954194e-02
      5.11217415e-01 -3.35140787e-02 5.14396310e-01 -3.49215828e-02
      5.29709160e-01 -3.64310034e-02 5.35037875e-01 -3.65070067e-02</contour2d>
    <histogram type_id="opencv-matrix">
      <rows>20</rows>
      <cols>1</cols>
      <dt>f</dt>
      <data>
        9.17431153e-03 9.88786891e-02 7.38022387e-01 5.60652390e-02
        9.17431153e-03 0. 0. 0. 0. 0. 0. 1.01936795e-03 1.01936795e-03
        0. 0. 0. 4.07747179e-03 5.09683974e-03 0. 7.74719641e-02</data></histogram></_>
  <_><id>8</id>
    <height>7.5934886932373047e-02</height>
    <contour2d>
      5.51245451e-01 1.33421570e-02 5.32676339e-01 1.97924115e-02
      5.27422726e-01 2.11089402e-02 5.23160458e-01 2.10404973e-02
      5.17939150e-01 1.83419678e-02 5.10157049e-01 1.29990671e-02
      5.06252825e-01 3.55647109e-03 5.03757238e-01 -6.03135629e-03
      5.03776491e-01 -1.01628825e-02 5.04956901e-01 -2.55923383e-02
      5.09184122e-01 -3.22884470e-02 5.10659635e-01 -3.40390727e-02
      5.13893247e-01 -3.55141088e-02 5.17230511e-01 -3.68014090e-02
      5.31802654e-01 -3.64213586e-02 5.37704170e-01 -3.52025069e-02
      5.40952146e-01 -3.39387059e-02 5.45260906e-01 -3.13136391e-02
