<?xml version="1.0"?>
<opencv_storage>
<obj>
  <_><id>1</id>
    <height>1.6514301300048828e-01</height>
    <contour2d>
      5.21298349e-01 -3.34317647e-02 5.23587763e-01 -3.03403586e-02
      5.25880814e-01 -2.07803901e-02 5.24235785e-01 1.45913120e-02
      5.22452414e-01 4.32877317e-02 5.21431506e-01 4.54187356e-02
      4.87681627e-01 5.81934862e-02 4.86362487e-01 5.80975562e-02
      4.78370011e-01 5.49780838e-02 4.73811597e-01 4.97753657e-02
      4.73222911e-01 1.27312262e-02 4.73593056e-01 -3.95409763e-02
      4.77595687e-01 -4.05769460e-02 4.79424328e-01 -4.06531915e-02
      5.09656966e-01 -3.61023471e-02</contour2d>
    <histogram type_id="opencv-matrix">
      <rows>20</rows>
      <cols>1</cols>
      <dt>f</dt>
      <data>
        3.80866714e-02 2.00929679e-02 1.51446993e-02 2.99895043e-03
        4.49842541e-04 7.49737606e-04 1.94931775e-03 1.04963267e-03
        5.54805808e-03 4.70835194e-02 1.97780773e-01 1.54895782e-01
        3.83865647e-02 2.00929679e-02 1.58944372e-02 2.00929679e-02
        4.43844646e-02 1.35252655e-01 1.19958015e-03 2.38866404e-01</data></histogram></_>
  <_><id>2</id>
    <height>1.5921878814697266e-01</height>
    <contour2d>
      5.82395732e-01 -7.86591917e-02 5.82982004e-01 -7.49914795e-02
      5.82412183e-01 -5.26544303e-02 5.75145543e-01 -1.72721334e-02
      5.71675479e-01 -1.48113435e-02 5.65326035e-01 -1.10977469e-02
      5.44192016e-01 -8.45867768e-03 5.33809423e-01 -8.35514441e-03
      4.95306671e-01 -9.81974043e-03 4.90955651e-01 -1.08249607e-02
      4.91057217e-01 -1.65439509e-02 4.91788179e-01 -2.73171514e-02
      4.96189415e-01 -7.55708441e-02 4.97023493e-01 -7.83120841e-02
      4.99574006e-01 -7.97257498e-02</contour2d>
    <histogram type_id="opencv-matrix">
      <rows>20</rows>
      <cols>1</cols>
      <dt>f</dt>
      <data>
        5.95661998e-02 2.12042723e-02 9.71188024e-03 5.82712842e-03
        8.09323392e-04 8.09323392e-04 3.23729357e-04 2.42797006e-03
        2.42797006e-03 1.14923920e-02 3.46390419e-02 6.52314648e-02
        3.20492052e-02 1.94237605e-02 1.94237605e-02 3.15636136e-02
        8.96730348e-02 3.29880208e-01 2.26610550e-03 2.61249602e-01</data></histogram></_>
  <_><id>3</id>
    <height>1.6118335723876953e-01</height>
    <contour2d>
      5.22378445e-01 -1.03123315e-01 5.23909390e-01 -1.02964334e-01
      5.34900784e-01 -9.75007042e-02 5.57977796e-01 -7.38219023e-02
      5.59410155e-01 -7.04404265e-02 5.59410155e-01 -6.69375658e-02
      5.42655528e-01 -1.18332962e-02 5.40932298e-01 -8.36552680e-03
      5.40070653e-01 -7.21069193e-03 5.26834309e-01 -1.47343881e-03
      5.24149537e-01 -1.46952539e-03 5.20747066e-01 -5.90928923e-03
      5.18991113e-01 -1.09808929e-02 5.16987026e-01 -2.70042736e-02
      5.15104711e-01 -1.01060145e-01 5.17932117e-01 -1.02544494e-01</contour2d>
    <histogram type_id="opencv-matrix">
      <rows>20</rows>
      <cols>1</cols>
      <dt>f</dt>
      <data>
        5.58752231e-02 3.93700786e-02 2.39248928e-02 1.13567533e-02
        1.39309503e-02 4.54270141e-03 3.63416085e-03 8.63113254e-03
        1.24167167e-02 3.90672311e-02 1.81102350e-01 1.55814648e-01
        5.52695319e-02 2.16535423e-02 5.90551179e-03 3.93700786e-03
        2.08964255e-02 1.54906109e-01 3.48273758e-03 1.84282243e-01</data></histogram></_>
  <_><id>4</id>
    <height>1.7046922445297241e-01</height>
    <contour2d>
      6.05380952e-01 -3.13766003e-02 6.06869996e-01 -2.77056862e-02
      6.03264749e-01 1.18610440e-02 6.01778567e-01 2.04301253e-02
      6.01190507e-01 2.16576457e-02 5.96160173e-01 2.76647676e-02
      5.93207836e-01 3.00143268e-02 5.91151714e-01 3.11842375e-02
      5.80278814e-01 3.31442133e-02 5.32222986e-01 3.89504954e-02
      5.23660779e-01 3.95922661e-02 5.20618856e-01 3.31977606e-02
      5.19786894e-01 2.95318924e-02 5.19463181e-01 2.39564255e-02
      5.21597624e-01 -3.26622017e-02 5.28279126e-01 -3.31891328e-02
      6.00033283e-01 -3.36421020e-02</contour2d>
    <histogram type_id="opencv-matrix">
      <rows>20</rows>
      <cols>1</cols>
      <dt>f</dt>
      <data>
        4.62002009e-02 4.45262827e-02 2.64479406e-02 8.36960133e-03
        1.67392031e-03 6.69568137e-04 0. 3.34784068e-04 1.67392031e-03
        2.57783737e-02 9.44091082e-02 6.89655170e-02 3.58218960e-02
        2.00870447e-02 2.37696692e-02 2.81218626e-02 2.64479406e-02
        9.74221602e-02 0. 4.49280232e-01</data></histogram></_>
  <_><id>5</id>
    <height>1.6569203138351440e-01</height>
    <contour2d>
      4.85513836e-01 -6.62980005e-02 5.06985903e-01 -5.64009584e-02
      5.07502735e-01 -5.53236194e-02 5.11440575e-01 -2.09722556e-02
      5.11440575e-01 -1.88008286e-02 5.07502973e-01 1.79868452e-02
      5.06986141e-01 2.12218855e-02 5.05616784e-01 2.22612675e-02
      4.89592552e-01 2.95477659e-02 4.88058388e-01 2.95500029e-02
      4.65707988e-01 2.79945843e-02 4.63419914e-01 2.75287163e-02
      4.61965591e-01 -2.94129539e-04 4.61474210e-01 -2.18134075e-02
      4.62295026e-01 -6.15531504e-02 4.63271707e-01 -6.29219860e-02
      4.66810435e-01 -6.41720816e-02 4.75120634e-01 -6.60230145e-02</contour2d>
    <histogram type_id="opencv-matrix">
      <rows>20</rows>
      <cols>1</cols>
      <dt>f</dt>
      <data>
        7.30064213e-02 4.35531847e-02 2.66332440e-02 1.04966313e-02
        3.75998719e-03 2.34999205e-03 2.34999205e-03 3.60332127e-03
        8.30330513e-03 3.91665362e-02 1.32069558e-01 1.46326169e-01
        4.74698395e-02 1.84866041e-02 1.28466235e-02 1.42566189e-02
        4.38665189e-02 1.28622904e-01 2.34999205e-03 2.40482524e-01</data></histogram></_>
  <_><id>6</id>
    <height>1.6794884204864502e-01</height>
    <contour2d>
      5.12556791e-01 -4.45972867e-02 5.14452100e-01 -4.25688736e-02
      5.15337467e-01 -3.52456495e-02 5.14958143e-01 -1.09124733e-02
      5.11915505e-01 3.00224647e-02 5.10526955e-01 3.31056826e-02
      4.93073523e-01 4.61105630e-02 4.89413381e-01 4.71446216e-02
      4.87247288e-01 4.71477807e-02 4.70126897e-01 4.15515974e-02
      4.66947526e-01 3.95356417e-02 4.65514630e-01 9.65202413e-03
      4.65514600e-01 4.67107352e-03 4.66469705e-01 -2.52160225e-02
      4.68527555e-01 -4.84035760e-02 4.69372690e-01 -4.94993329e-02
      4.70197767e-01 -4.99636792e-02 4.71655220e-01 -4.99658026e-02</contour2d>
    <histogram type_id="opencv-matrix">
      <rows>20</rows>
      <cols>1</cols>
      <dt>f</dt>
      <data>
        3.12940516e-02 2.07217373e-02 1.35325631e-02 6.62531750e-03
        5.92049630e-03 1.83253456e-03 1.83253456e-03 2.81928387e-03
        9.86749399e-03 6.99182451e-02 1.97913736e-01 1.35748520e-01
        3.82012986e-02 1.95940230e-02 1.56470258e-02 2.01578811e-02
        5.45531437e-02 1.20242462e-01 1.40964193e-03 2.32168034e-01</data></histogram></_>
  <_><id>7</id>
    <height>1.7008507251739502e-01</height>
    <contour2d>
      5.17919660e-01 -7.23319724e-02 5.20356596e-01 -6.97020218e-02
      5.22180319e-01 -2.97727883e-02 5.08242428e-01 4.42429632e-02
      4.81085956e-01 3.85153964e-02 4.49384272e-01 8.90518632e-03
      4.47626352e-01 5.19586494e-03 4.47466135e-01 6.29111077e-04
      4.47466075e-01 -1.43346954e-02 4.48505223e-01 -2.14732755e-02
      4.94441509e-01 -7.02743456e-02 4.96322721e-01 -7.16224238e-02
      5.07228196e-01 -7.32909665e-02</contour2d>
    <histogram type_id="opencv-matrix">
      <rows>20</rows>
      <cols>1</cols>
      <dt>f</dt>
      <data>
        5.14663942e-02 2.07691435e-02 1.26668951e-02 4.67876298e-03
        2.51055579e-03 1.02704554e-03 9.12929361e-04 2.05409108e-03
        3.42348521e-03 2.83008106e-02 1.13317356e-01 1.23587810e-01
        4.54182364e-02 1.80303548e-02 1.04986876e-02 2.13397238e-02
        5.38628325e-02 2.45349765e-01 2.16820720e-03 2.38616914e-01</data></histogram></_>
  <_><id>8</id>
    <height>1.6539311408996582e-01</height>
    <contour2d>
      5.04909515e-01 9.87952352e-02 5.02384126e-01 9.89634320e-02
      4.63113219e-01 7.33491853e-02 4.31563914e-01 4.79504131e-02
