<?xml version="1.0"?>
<opencv_storage>
<obj>
  <_><id>1</id>
    <height>2.6196599006652832e-02</height>
    <contour2d>
      4.21048790e-01 3.48651037e-02 4.16624069e-01 4.69787233e-02
      4.13609236e-01 5.10377362e-02 4.06072170e-01 5.61142042e-02
      4.05318469e-01 5.61147444e-02 3.94450068e-01 5.12589477e-02
      3.90739620e-01 4.92644347e-02 3.88574451e-01 4.56677489e-02
      3.86806041e-01 3.90062332e-02 3.85679811e-01 2.92449705e-02
      3.91481638e-01 1.63106713e-02 4.12393183e-01 1.46284588e-02
      4.14573282e-01 1.64960958e-02 4.19638842e-01 2.56780889e-02</contour2d>
    <histogram type_id="opencv-matrix">
      <rows>20</rows>
      <cols>1</cols>
      <dt>f</dt>
      <data>
        3.61111134e-01 1.09126987e-02 9.92063549e-04 0. 0. 0. 0. 0. 0.
        0. 0. 0. 0. 0. 1.98412710e-03 4.96031763e-03 4.96031791e-02
        5.70436537e-01 0. 0.</data></histogram></_>
  <_><id>2</id>
    <height>2.7546763420104980e-02</height>
    <contour2d>
      4.08333182e-01 1.75724979e-02 4.11755055e-01 1.86812244e-02
      4.17577863e-01 4.07516956e-02 4.17479098e-01 5.09470589e-02
      4.08470601e-01 8.01220238e-02 4.03149486e-01 8.01258385e-02
      3.92649382e-01 7.12143928e-02 3.91288519e-01 6.90712333e-02
      3.88108611e-01 5.85589483e-02 3.84060770e-01 4.32777219e-02
      3.84060770e-01 4.22791503e-02 3.84939015e-01 3.22360545e-02
      3.87902200e-01 2.72496995e-02 3.92223746e-01 2.23016422e-02
      3.98668617e-01 1.95737779e-02 4.02796715e-01 1.84613541e-02
      4.07579511e-01 1.75730381e-02</contour2d>
    <histogram type_id="opencv-matrix">
      <rows>20</rows>
      <cols>1</cols>
      <dt>f</dt>
      <data>
        3.22180927e-01 3.22180912e-02 6.19578687e-03 1.23915740e-03 0.
        0. 0. 0. 0. 0. 0. 0. 0. 2.47831480e-03 2.47831480e-03
        1.36307310e-02 6.81536570e-02 5.42750955e-01 0. 8.67410190e-03</data></histogram></_>
  <_><id>3</id>
    <height>2.9404640197753906e-02</height>
    <contour2d>
      4.22807038e-01 4.23368588e-02 4.22653735e-01 5.40738814e-02
      4.21146333e-01 6.52313083e-02 4.20088559e-01 6.76075667e-02
      4.18573409e-01 6.86280802e-02 3.89735490e-01 7.34868422e-02
      3.87029231e-01 7.32330903e-02 3.76790285e-01 6.21472895e-02
      3.74868661e-01 5.79576753e-02 3.73541355e-01 5.38902916e-02
      3.73541355e-01 5.28986529e-02 3.74278247e-01 4.69483174e-02
      3.76630425e-01 4.29043323e-02 3.81375134e-01 4.01428379e-02
      3.94328028e-01 3.43432277e-02 4.00160819e-01 3.43991630e-02
      4.17058170e-01 3.60076204e-02 4.21284139e-01 3.82394232e-02</contour2d>
    <histogram type_id="opencv-matrix">
      <rows>20</rows>
      <cols>1</cols>
      <dt>f</dt>
      <data>
        1.72025725e-01 5.78778125e-02 1.12540191e-02 1.60771701e-03 0.
        0. 0. 0. 0. 1.60771701e-03 9.64630209e-03 6.91318288e-02
        4.01929244e-02 1.92926042e-02 1.60771701e-02 2.89389063e-02
        8.19935650e-02 4.43729907e-01 0. 4.66237925e-02</data></histogram></_>
  <_><id>4</id>
    <height>2.8411746025085449e-02</height>
    <contour2d>
      4.36728418e-01 5.00058606e-02 4.35290098e-01 5.40557466e-02
      4.28594619e-01 5.79971634e-02 4.09840703e-01 5.91541342e-02
      4.00528967e-01 5.93643971e-02 3.87221307e-01 4.86060791e-02
      3.86328787e-01 4.36548218e-02 3.86328787e-01 4.16403003e-02
      3.90210271e-01 3.05044148e-02 3.92179608e-01 2.65733302e-02
      4.09990788e-01 2.28387453e-02 4.10750955e-01 2.28382014e-02
      4.25748855e-01 2.49587260e-02 4.29254621e-01 2.61160396e-02
      4.30021256e-01 2.71470733e-02 4.36057985e-01 3.95887494e-02</contour2d>
    <histogram type_id="opencv-matrix">
      <rows>20</rows>
      <cols>1</cols>
      <dt>f</dt>
      <data>
        1.82250395e-01 6.81458041e-02 1.10935029e-02 1.58478611e-03 0.
        0. 0. 0. 0. 0. 7.92393088e-03 6.65610135e-02 3.16957235e-02
        1.90174337e-02 3.16957235e-02 4.43740115e-02 7.76545182e-02
        4.24722672e-01 0. 3.32805067e-02</data></histogram></_>
  <_><id>5</id>
    <height>2.8481841087341309e-02</height>
    <contour2d>
      4.26728815e-01 1.89614370e-02 4.31344002e-01 2.10282449e-02
      4.32113171e-01 2.20627487e-02 4.36057955e-01 3.23555432e-02
      4.36825901e-01 4.16548364e-02 4.36058015e-01 4.99219112e-02
      4.33951885e-01 5.49037829e-02 4.28378999e-01 6.64604828e-02
      4.19288754e-01 7.35758469e-02 4.10856009e-01 7.56450444e-02
      4.07645613e-01 7.57751837e-02 4.06877697e-01 7.47424364e-02
      4.02247906e-01 5.87457307e-02 4.01418865e-01 4.91024666e-02
      4.01418865e-01 4.60546277e-02 4.04179305e-01 3.39780003e-02
      4.16222185e-01 2.09674835e-02 4.20699865e-01 1.89334340e-02</contour2d>
    <histogram type_id="opencv-matrix">
      <rows>20</rows>
      <cols>1</cols>
      <dt>f</dt>
      <data>
        2.25157231e-01 3.14465389e-02 5.03144646e-03 2.51572323e-03 0.
        0. 1.25786162e-03 0. 0. 0. 2.51572323e-03 1.38364779e-02
        1.13207549e-02 8.80503096e-03 1.13207549e-02 3.89937088e-02
        5.78616336e-02 4.05031443e-01 0. 1.84905663e-01</data></histogram></_>
  <_><id>6</id>
    <height>2.5419116020202637e-02</height>
    <contour2d>
      4.44214761e-01 6.66310638e-02 4.37414736e-01 7.16597140e-02
      4.24421370e-01 7.17507973e-02 4.20821995e-01 7.15115815e-02
      4.14945990e-01 7.02458993e-02 4.04310405e-01 6.13970719e-02
      4.00551170e-01 5.67390919e-02 3.98552090e-01 5.35324998e-02
      3.97926837e-01 5.14357314e-02 3.95520210e-01 3.88801433e-02
      3.95520210e-01 3.78659442e-02 3.97027642e-01 3.48222107e-02
      4.02303576e-01 2.87331492e-02 4.07458782e-01 2.57313065e-02
      4.16300535e-01 2.78527886e-02 4.27375734e-01 3.51611376e-02
      4.28799838e-01 3.62466052e-02 4.44214761e-01 6.55786544e-02</contour2d>
    <histogram type_id="opencv-matrix">
      <rows>20</rows>
      <cols>1</cols>
      <dt>f</dt>
      <data>
        2.55765200e-01 2.09643599e-03 0. 0. 0. 0. 0. 0. 0. 0. 0.
        3.14465398e-03 2.51572318e-02 7.33752595e-03 1.04821799e-03
        1.57232694e-02 9.85324904e-02 5.91194928e-01 0. 0.</data></histogram></_>
  <_><id>7</id>
    <height>2.6342630386352539e-02</height>
    <contour2d>
      4.36312646e-01 4.72178757e-02 4.37861383e-01 4.93007712e-02
      4.39197093e-01 5.15561365e-02 4.42304879e-01 6.09631576e-02
      4.42977875e-01 6.42061085e-02 4.42304909e-01 7.14178905e-02
      4.32421297e-01 8.58001783e-02 4.17880207e-01 9.71388817e-02
      4.13288265e-01 9.71421748e-02 4.05563533e-01 9.12203342e-02
      4.02247965e-01 8.53861794e-02 4.00391519e-01 8.08741823e-02
      3.99772733e-01 7.87010044e-02 3.99908930e-01 7.24704117e-02
      4.01678383e-01 6.81704953e-02 4.07840073e-01 5.54781146e-02
      4.15825248e-01 5.11420704e-02 4.33215231e-01 4.61780913e-02
      4.33989584e-01 4.61775362e-02</contour2d>
    <histogram type_id="opencv-matrix">
      <rows>20</rows>
      <cols>1</cols>
      <dt>f</dt>
      <data>
        2.48761162e-01 8.91972240e-03 9.91080306e-04 0. 0. 0. 0. 0. 0.
        0. 0. 0. 1.98216061e-03 1.09018832e-02 7.92864244e-03
        2.67591681e-02 1.45688802e-01 5.48067391e-01 0. 0.</data></histogram></_></obj>
</opencv_storage>
