<?xml version="1.0"?>
<opencv_storage>
<obj>
  <_><id>1</id>
    <height>3.5388529300689697e-02</height>
    <contour2d>
      5.83197713e-01 -3.78051437e-02 5.92430770e-01 -3.51405665e-02
      5.94725311e-01 -3.36730406e-02 6.08125091e-01 -2.21148524e-02
      6.11595333e-01 -1.76759362e-02 6.18836761e-01 -2.91333068e-03
      6.20662034e-01 4.58761305e-03 6.20661676e-01 1.05965016e-02
      6.20005488e-01 2.55298223e-02 6.18834794e-01 3.00208274e-02
      6.09371006e-01 4.91374657e-02 6.04606092e-01 5.32215647e-02
      5.91245949e-01 6.01032898e-02 5.81994474e-01 6.24331199e-02
      5.69484949e-01 6.19844757e-02 5.66121638e-01 -3.62614952e-02
      5.78079939e-01 -3.82107124e-02</contour2d>
    <histogram type_id="opencv-matrix">
      <rows>20</rows>
      <cols>1</cols>
      <dt>f</dt>
      <data>
        0. 0. 0. 0. 0. 0. 0. 0. 0. 0. 0. 0. 0. 0. 0. 0. 0. 0. 0. 1.</data></histogram></_>
  <_><id>2</id>
    <height>3.3530473709106445e-02</height>
    <contour2d>
      7.06579208e-01 -6.65935203e-02 7.09865451e-01 -4.11092117e-02
      7.06566095e-01 -2.17147041e-02 7.02007711e-01 -1.36500364e-02
      7.00681686e-01 -1.20348474e-02 6.89977407e-01 -2.49672262e-03
      6.78056240e-01 5.35671227e-03 6.64322734e-01 8.40211567e-03
      6.63112938e-01 8.40396900e-03 6.60626769e-01 6.84284884e-03
      6.24367416e-01 -3.31702046e-02 6.24365151e-01 -3.47106606e-02
      6.46442175e-01 -9.12283510e-02 6.51978850e-01 -9.32890996e-02
      6.64991796e-01 -9.44542214e-02 6.74360394e-01 -9.20539424e-02
      6.83685243e-01 -8.92163217e-02 6.86153293e-01 -8.76432434e-02
      6.93140924e-01 -8.17887187e-02</contour2d>
    <histogram type_id="opencv-matrix">
      <rows>20</rows>
      <cols>1</cols>
      <dt>f</dt>
      <data>
        0. 0. 0. 0. 0. 0. 0. 0. 0. 0. 0. 0. 0. 0. 0. 0. 0. 0. 0. 1.</data></histogram></_>
  <_><id>3</id>
    <height>3.7252604961395264e-02</height>
    <contour2d>
      5.60548604e-01 2.18965393e-02 5.47180593e-01 2.18988042e-02
      5.40276945e-01 1.07090045e-02 5.38798153e-01 -6.70286268e-02
      5.39910674e-01 -6.99131787e-02 5.45616269e-01 -7.76581541e-02
      5.46726167e-01 -7.88982660e-02 5.54499447e-01 -8.05437267e-02
      5.69156349e-01 -7.43668377e-02 5.85183680e-01 -6.51084334e-02
      5.88650942e-01 -6.23524487e-02 5.90954602e-01 -5.79813980e-02
      5.96787333e-01 -4.20357771e-02 5.99200249e-01 -2.59979498e-02
      5.98723590e-01 -1.87152997e-02 5.92408478e-01 1.90513593e-03
      5.91277242e-01 4.83840192e-03 5.76356590e-01 1.63472090e-02</contour2d>
    <histogram type_id="opencv-matrix">
      <rows>20</rows>
      <cols>1</cols>
      <dt>f</dt>
      <data>
        0. 0. 0. 0. 0. 0. 0. 0. 0. 0. 0. 0. 0. 0. 0. 0. 0. 0. 0. 1.</data></histogram></_>
  <_><id>4</id>
    <height>3.6056041717529297e-02</height>
    <contour2d>
      5.74092031e-01 5.09362807e-03 5.88912308e-01 1.37992511e-02
      6.02378309e-01 2.58427095e-02 6.04734957e-01 2.88680438e-02
      6.08244181e-01 4.96262796e-02 6.08248591e-01 5.25925197e-02
      6.04713142e-01 7.00614899e-02 6.03607118e-01 7.46690258e-02
      5.93707323e-01 8.87384042e-02 5.86754262e-01 9.53982025e-02
      5.83311617e-01 9.80812237e-02 5.81040800e-01 9.95382965e-02
      5.77612281e-01 1.00753829e-01 5.68467438e-01 1.02416769e-01
      5.59481919e-01 1.03355780e-01 5.45535028e-01 1.03131086e-01
      5.45532942e-01 1.01727851e-01 5.56970119e-01 9.50148050e-03
      5.60489774e-01 3.59029532e-03 5.63866556e-01 3.58512369e-03</contour2d>
    <histogram type_id="opencv-matrix">
      <rows>20</rows>
      <cols>1</cols>
      <dt>f</dt>
      <data>
        0. 0. 0. 0. 0. 0. 0. 0. 0. 0. 0. 0. 0. 0. 0. 0. 0.
        1.78571437e-02 0. 9.82142925e-01</data></histogram></_>
  <_><id>5</id>
    <height>3.4311294555664062e-02</height>
    <contour2d>
      5.89043617e-01 -6.71930984e-02 6.09448314e-01 -5.20571135e-02
      6.20079339e-01 -3.15751769e-02 6.20018899e-01 -4.62913187e-03
      6.17661238e-01 2.85079074e-03 6.11624181e-01 1.17216632e-02
      6.02249801e-01 2.34615095e-02 5.79680502e-01 3.47010307e-02
      5.71708798e-01 3.30768190e-02 5.59156358e-01 2.02561952e-02
      5.59507489e-01 -6.75489977e-02 5.86797357e-01 -6.73610792e-02</contour2d>
    <histogram type_id="opencv-matrix">
      <rows>20</rows>
      <cols>1</cols>
      <dt>f</dt>
      <data>
        0. 0. 0. 0. 0. 0. 0. 0. 0. 0. 0. 0. 0. 0. 0. 0. 1.33333337e-02
        0. 0. 9.86666679e-01</data></histogram></_>
  <_><id>6</id>
    <height>3.7144720554351807e-02</height>
    <contour2d>
      5.18579721e-01 1.57264695e-01 5.07852972e-01 1.56524330e-01
      5.05660176e-01 1.55563667e-01 5.03540337e-01 1.53803304e-01
      4.95176464e-01 1.44154087e-01 5.17233372e-01 6.02621324e-02
      5.19488990e-01 5.71426973e-02 5.24964750e-01 5.69595695e-02
      5.36980510e-01 6.01409934e-02 5.40284514e-01 6.16839491e-02
      5.45268059e-01 6.48840740e-02 5.56464076e-01 7.93727711e-02
      5.63269317e-01 9.25980583e-02 5.65577686e-01 1.09460950e-01
      5.65738022e-01 1.22076094e-01 5.52387714e-01 1.40559137e-01
      5.51277578e-01 1.41633838e-01 5.44091642e-01 1.47099078e-01
      5.41906059e-01 1.48515716e-01 5.31525433e-01 1.53435946e-01
      5.19659162e-01 1.57258078e-01</contour2d>
    <histogram type_id="opencv-matrix">
      <rows>20</rows>
      <cols>1</cols>
      <dt>f</dt>
      <data>
        0. 0. 0. 0. 0. 0. 0. 0. 0. 0. 0. 0. 0. 0. 0. 0. 0. 0. 0. 1.</data></histogram></_>
  <_><id>7</id>
    <height>3.2933294773101807e-02</height>
    <contour2d>
      4.93169576e-01 -1.62336305e-02 4.90030140e-01 -1.75257418e-02
      4.69512135e-01 -1.03606917e-01 4.69503820e-01 -1.04971893e-01
      4.70831156e-01 -1.14203855e-01 4.71861720e-01 -1.15538739e-01
      4.73882228e-01 -1.17178209e-01 5.05141735e-01 -1.17913336e-01
      5.18515766e-01 -1.12652279e-01 5.22868514e-01 -1.08774647e-01
      5.36110699e-01 -8.29855055e-02 5.37238598e-01 -7.75632858e-02
      5.37403882e-01 -5.07186167e-02 5.36323905e-01 -4.79054749e-02
      5.25522709e-01 -3.21123675e-02 5.14262438e-01 -2.35254448e-02</contour2d>
    <histogram type_id="opencv-matrix">
      <rows>20</rows>
      <cols>1</cols>
      <dt>f</dt>
      <data>
        0. 0. 0. 0. 0. 0. 0. 7.34753849e-04 4.40852297e-03
        9.49301958e-01 1.61645841e-02 0. 0. 0. 0. 0. 0. 0. 0.
        2.93901544e-02</data></histogram></_>
  <_><id>8</id>
    <height>3.2282531261444092e-02</height>
    <contour2d>
      5.73834479e-01 -1.68310806e-01 5.69284022e-01 -1.66451007e-01
      5.67015231e-01 -1.66051760e-01 5.63601732e-01 -1.66442305e-01
      5.60210586e-01 -1.67491436e-01 5.12265265e-01 -2.48577312e-01
      5.12263179e-01 -2.49970138e-01 5.28460443e-01 -2.56551474e-01
      5.38420498e-01 -2.58123159e-01 5.47247291e-01 -2.57993907e-01
      5.55614412e-01 -2.56562769e-01 5.66877425e-01 -2.53293455e-01
      5.84029555e-01 -2.39397481e-01 5.92726171e-01 -2.17262611e-01
      5.89843512e-01 -1.97415307e-01 5.87559700e-01 -1.90074384e-01
      5.85233212e-01 -1.83332905e-01 5.81818283e-01 -1.76024988e-01</contour2d>
    <histogram type_id="opencv-matrix">
      <rows>20</rows>
      <cols>1</cols>
      <dt>f</dt>
      <data>
        0. 0. 0. 0. 0. 0. 0. 0. 6.14439324e-03 9.61597562e-01
        1.84331797e-02 0. 0. 0. 0. 0. 0. 0. 0. 1.38248848e-02</data></histogram></_>
  <_><id>9</id>
    <height>3.1936347484588623e-02</height>
    <contour2d>
      5.73125482e-01 -1.67910457e-01 5.69717705e-01 -1.66847438e-01
      5.67440629e-01 -1.66843951e-01 5.62916100e-01 -1.67495579e-01
      5.61766982e-01 -1.67893067e-01 5.58206558e-01 -1.70952067e-01
      5.19432247e-01 -2.44710654e-01 5.19491136e-01 -2.48359665e-01
      5.21696866e-01 -2.52609193e-01 5.32750487e-01 -2.56872296e-01
      5.41594326e-01 -2.59716600e-01 5.53809822e-01 -2.57989258e-01
      5.66170931e-01 -2.52684742e-01 5.75292349e-01 -2.46994585e-01
      5.83301783e-01 -2.37369850e-01 5.92008233e-01 -2.17261508e-01
