<?xml version="1.0"?>
<opencv_storage>
<obj>
  <_><id>1</id>
    <height>1.5443384647369385e-02</height>
    <contour2d>
      6.74052835e-01 5.04444055e-02 6.56562090e-01 5.76335154e-02
      6.34485245e-01 6.13382645e-02 6.02793574e-01 5.97923286e-02
      5.96926451e-01 5.79862334e-02 5.91138482e-01 4.86659259e-02
      5.87677896e-01 4.25313190e-02 5.86087465e-01 2.29243394e-02
      5.89263439e-01 -2.35577226e-02 5.95273733e-01 -5.23201637e-02
      5.98804116e-01 -5.39394580e-02 6.01149321e-01 -5.40568642e-02
      6.57228112e-01 -4.98293750e-02 6.71841741e-01 2.39704084e-03
      6.75455093e-01 2.64344607e-02</contour2d>
    <histogram type_id="opencv-matrix">
      <rows>20</rows>
      <cols>1</cols>
      <dt>f</dt>
      <data>
        1.09581791e-01 9.31709930e-02 3.21863413e-01 3.25569093e-01
        3.28215994e-02 4.76442557e-03 3.17628379e-03 5.29380632e-04
        1.58814189e-03 1.05876126e-03 1.58814189e-03 1.05876126e-03
        2.64690304e-03 3.17628379e-03 2.11752253e-03 5.82318706e-03
        1.58814192e-02 6.08787723e-02 0. 1.27051352e-02</data></histogram></_>
  <_><id>2</id>
    <height>1.4614820480346680e-02</height>
    <contour2d>
      6.75732851e-01 -1.83984861e-02 6.75653458e-01 -5.58902696e-03
      6.73042893e-01 1.03932032e-02 6.67297602e-01 2.94474624e-02
      6.66028261e-01 3.25620510e-02 6.52877331e-01 5.43387830e-02
      6.42379403e-01 6.48379996e-02 6.34446621e-01 6.75623566e-02
      6.27798915e-01 6.71650544e-02 5.80260873e-01 2.43367944e-02
      5.63205838e-01 7.73926498e-03 5.63233256e-01 3.32128070e-03
      5.65549493e-01 -5.52145811e-03 5.98738551e-01 -4.33511920e-02
      6.01092935e-01 -4.49604020e-02 6.04642272e-01 -4.65691611e-02
      6.65158629e-01 -2.78283171e-02 6.67642951e-01 -2.62898151e-02
      6.72000051e-01 -2.31662374e-02</contour2d>
    <histogram type_id="opencv-matrix">
      <rows>20</rows>
      <cols>1</cols>
      <dt>f</dt>
      <data>
        9.36599374e-02 9.31796357e-02 3.77521604e-01 2.95389026e-01
        1.68107580e-02 0. 3.36215179e-03 9.60614765e-04 4.80307383e-04
        9.60614765e-04 4.80307383e-04 9.60614765e-04 4.80307383e-04
        2.88184430e-03 5.76368859e-03 4.80307359e-03 2.40153689e-02
        7.44476467e-02 0. 3.84245906e-03</data></histogram></_>
  <_><id>3</id>
    <height>1.2805283069610596e-02</height>
    <contour2d>
      6.87882662e-01 5.90086281e-02 6.86618447e-01 5.90008646e-02
      5.91147780e-01 4.71602604e-02 5.74445248e-01 3.46097760e-02
      5.74454486e-01 3.31232138e-02 5.78102946e-01 1.92343793e-03
      5.81615090e-01 -5.52609330e-03 5.82793415e-01 -7.01245433e-03
      6.26110554e-01 -4.87823710e-02 6.40058756e-01 -5.23463972e-02
      6.44312143e-01 -4.93780784e-02 6.82596564e-01 -7.20799435e-03
      6.87892675e-01 5.73935546e-02</contour2d>
    <histogram type_id="opencv-matrix">
      <rows>20</rows>
      <cols>1</cols>
      <dt>f</dt>
      <data>
        1.03982300e-01 8.35177004e-02 3.50110620e-01 3.04756641e-01
        3.42920348e-02 1.10619469e-03 5.53097343e-04 1.65929203e-03 0.
        5.53097343e-04 1.10619469e-03 1.10619469e-03 0. 2.21238937e-03
        2.76548672e-03 3.31858406e-03 1.71460174e-02 6.30530939e-02 0.
        2.87610628e-02</data></histogram></_>
  <_><id>4</id>
    <height>1.8253028392791748e-02</height>
    <contour2d>
      7.29627728e-01 -8.95695947e-03 7.20376730e-01 2.64571514e-03
      6.97657108e-01 2.53095794e-02 6.71564460e-01 4.71327044e-02
      6.49762750e-01 6.03142790e-02 6.42389059e-01 6.32732883e-02
      6.14178658e-01 4.03996706e-02 6.11832023e-01 3.57168429e-02
      6.04557633e-01 -3.28932106e-02 6.04604721e-01 -4.04909812e-02
      6.50580883e-01 -7.15793669e-02</contour2d>
    <histogram type_id="opencv-matrix">
      <rows>20</rows>
      <cols>1</cols>
      <dt>f</dt>
      <data>
        9.62788016e-02 8.09214413e-02 3.28411132e-01 3.05375099e-01
        3.78027186e-02 6.49734214e-03 3.54400487e-03 5.90667478e-04 0.
        0. 5.90667478e-04 5.90667478e-04 0. 0. 2.36266991e-03
        3.54400487e-03 1.47666866e-02 1.13998823e-01 0. 4.72533982e-03</data></histogram></_>
  <_><id>5</id>
    <height>1.4589965343475342e-02</height>
    <contour2d>
      7.02164769e-01 2.21402887e-02 6.90606594e-01 3.00087724e-02
      6.86788559e-01 3.15447077e-02 6.49899125e-01 3.84363681e-02
      6.46216273e-01 3.83371525e-02 5.98438621e-01 5.05223498e-03
      5.94955802e-01 -1.00956869e-03 5.94965100e-01 -2.51873769e-03
      5.98607302e-01 -2.21747197e-02 6.26215816e-01 -6.57648891e-02
      6.84265733e-01 -7.32044578e-02 6.88693404e-01 -7.18119815e-02
      7.03482985e-01 1.56183979e-02 7.03462839e-01 1.88832507e-02</contour2d>
    <histogram type_id="opencv-matrix">
      <rows>20</rows>
      <cols>1</cols>
      <dt>f</dt>
      <data>
        1.12239145e-01 7.67061487e-02 3.04568529e-01 2.59447277e-01
        2.76367757e-02 1.18443323e-02 2.82007921e-03 2.82007921e-03
        1.69204746e-03 5.64015843e-03 2.25606328e-03 1.12803164e-03
        2.25606328e-03 3.38409492e-03 9.02425312e-03 9.02425312e-03
        2.25606337e-02 8.51663873e-02 0. 5.97856753e-02</data></histogram></_>
  <_><id>6</id>
    <height>1.7840445041656494e-02</height>
    <contour2d>
      7.10811019e-01 -2.20225099e-02 7.10800886e-01 -2.03814171e-02
      7.08823562e-01 -1.70437284e-02 6.82456851e-01 1.53300585e-02
      6.14311576e-01 1.89557299e-02 5.91381073e-01 9.51872952e-03
      5.89095831e-01 3.48164607e-03 5.85175455e-01 -1.89982262e-02
      5.85203290e-01 -2.34891474e-02 6.12551808e-01 -8.04292038e-02
      6.18541121e-01 -8.53798613e-02 6.20954037e-01 -8.69003162e-02
      6.23937488e-01 -8.56486335e-02 6.54864192e-01 -6.70721084e-02
      6.64117217e-01 -6.10631481e-02 6.88513279e-01 -4.27407399e-02</contour2d>
    <histogram type_id="opencv-matrix">
      <rows>20</rows>
      <cols>1</cols>
      <dt>f</dt>
      <data>
        8.39195997e-02 7.68844187e-02 3.16080391e-01 3.13567847e-01
        2.81407032e-02 3.01507534e-03 1.00502511e-03 0. 1.00502511e-03
        1.50753767e-03 0. 5.02512557e-04 5.02512557e-04 4.02010046e-03
        9.04522650e-03 1.10552758e-02 3.01507525e-02 9.54773873e-02 0.
        2.41206028e-02</data></histogram></_>
  <_><id>7</id>
    <height>1.6232788562774658e-02</height>
    <contour2d>
      7.03695536e-01 -1.86627805e-02 7.02407479e-01 -1.70381553e-02
      6.48863554e-01 6.99574826e-03 6.24500155e-01 1.60526372e-02
      6.17903709e-01 1.74774546e-02 5.97226381e-01 9.58277564e-03
      5.85333169e-01 -4.44468632e-02 5.85472345e-01 -6.69015348e-02
      5.89542687e-01 -6.86233640e-02 6.28671527e-01 -7.36429319e-02
      6.69205427e-01 -7.72418901e-02 6.91228509e-01 -7.03408346e-02
      6.96922898e-01 -6.40500411e-02 7.03705549e-01 -2.02951916e-02</contour2d>
    <histogram type_id="opencv-matrix">
      <rows>20</rows>
      <cols>1</cols>
      <dt>f</dt>
      <data>
        7.91402087e-02 6.25305325e-02 3.32681984e-01 2.95065939e-01
        4.05471437e-02 3.41963861e-03 1.46555935e-03 9.77039570e-04
        4.88519785e-04 0. 0. 4.88519785e-04 2.44259881e-03
        6.35075709e-03 7.81631656e-03 3.90815828e-03 2.44259890e-02
        1.09428436e-01 0. 2.88226679e-02</data></histogram></_>
  <_><id>8</id>
    <height>2.0543336868286133e-02</height>
    <contour2d>
      7.89288044e-01 4.72300546e-03 7.89277315e-01 6.45443564e-03
      7.84462214e-01 9.87192243e-03 6.29230618e-01 3.15836482e-02
      5.83799541e-01 1.39281051e-02 5.78047514e-01 1.08636040e-02
      5.68910480e-01 4.83618164e-03 5.68919659e-01 3.35656432e-03
      5.72401524e-01 -4.03757812e-03 5.95170856e-01 -3.57196517e-02
      6.12419248e-01 -5.90338595e-02 6.26263618e-01 -7.34842196e-02
      6.40251994e-01 -8.35363343e-02 7.31084704e-01 -3.39043848e-02
      7.70259857e-01 -9.05251037e-03</contour2d>
    <histogram type_id="opencv-matrix">
      <rows>20</rows>
      <cols>1</cols>
      <dt>f</dt>
      <data>
        5.55555560e-02 5.69444448e-02 3.29629630e-01 3.32407415e-01
