<?xml version="1.0"?>
<opencv_storage>
<obj>
  <_><id>1</id>
    <height>1.6818273067474365e-01</height>
    <contour2d>
      6.05354309e-01 5.08185886e-02 6.01179719e-01 5.22043370e-02
      5.72961092e-01 5.22677973e-02 5.60615301e-01 5.17556518e-02
      5.53491950e-01 5.06390333e-02 5.48147142e-01 4.73465510e-02
      5.46336651e-01 1.43157281e-02 5.49615741e-01 -3.61571014e-02
      5.50145149e-01 -4.13500480e-02 5.50981581e-01 -4.28243391e-02
      5.54403126e-01 -4.41372842e-02 5.61794996e-01 -4.40038331e-02
      5.95670640e-01 -3.69075947e-02 5.98265052e-01 -3.56539562e-02
      6.00315034e-01 -3.29391882e-02 6.05614662e-01 4.66049798e-02
      6.05614722e-01 4.93668839e-02</contour2d>
    <histogram type_id="opencv-matrix">
      <rows>20</rows>
      <cols>1</cols>
      <dt>f</dt>
      <data>
        7.63717815e-02 3.69540863e-02 6.94288919e-03 2.01567751e-03
        1.79171329e-03 6.71892485e-04 4.47928323e-04 8.95856647e-04
        4.47928323e-04 1.56774907e-03 1.38857784e-02 4.86002229e-02
        9.69764814e-02 5.77827543e-02 4.63605821e-02 5.44232912e-02
        1.37513995e-01 1.78499430e-01 4.47928323e-04 2.37402007e-01</data></histogram></_>
  <_><id>2</id>
    <height>1.6521930694580078e-01</height>
    <contour2d>
      6.33275270e-01 3.84026696e-03 6.30601764e-01 8.02477542e-03
      5.91590524e-01 6.58323988e-02 5.86158574e-01 6.67211115e-02
      5.82493186e-01 6.65558279e-02 5.72717488e-01 6.27605841e-02
      5.56584418e-01 3.97413038e-02 5.42229414e-01 1.81197822e-02
      5.39309025e-01 1.27804559e-02 5.40631413e-01 7.92566873e-03
      5.41468561e-01 6.37082662e-03 5.44329822e-01 2.35140650e-03
      5.53831637e-01 -6.98068505e-03 5.77765763e-01 -2.61331033e-02
      6.00135803e-01 -4.32120524e-02 6.07251167e-01 -4.32633571e-02
      6.12784326e-01 -4.27710041e-02 6.31656945e-01 -4.55880864e-03</contour2d>
    <histogram type_id="opencv-matrix">
      <rows>20</rows>
      <cols>1</cols>
      <dt>f</dt>
      <data>
        8.71256292e-02 2.76157148e-02 5.44535182e-03 1.36133796e-03
        9.72384296e-04 3.88953718e-04 0. 0. 1.94476859e-04
        1.94476859e-04 2.91715283e-03 2.43096072e-02 6.63166121e-02
        4.76468317e-02 3.52003127e-02 4.43407223e-02 1.55970439e-01
        2.86658883e-01 7.77907437e-04 2.12563202e-01</data></histogram></_>
  <_><id>3</id>
    <height>1.6713327169418335e-01</height>
    <contour2d>
      6.63620293e-01 -1.92031171e-02 6.63620293e-01 -1.77554991e-02
      6.60326242e-01 1.05780945e-03 6.49734676e-01 4.13297974e-02
      6.41618669e-01 4.12247367e-02 6.06110990e-01 3.16776112e-02
      5.61211824e-01 1.74368359e-02 5.57995141e-01 1.46444822e-02
      5.78991950e-01 -4.24420498e-02 5.83655119e-01 -4.52132672e-02
      5.86990416e-01 -4.51528169e-02 6.23489618e-01 -3.68576124e-02
      6.62527800e-01 -2.20975969e-02</contour2d>
    <histogram type_id="opencv-matrix">
      <rows>20</rows>
      <cols>1</cols>
      <dt>f</dt>
      <data>
        5.12567796e-02 1.25677679e-02 3.69640230e-03 4.92853636e-04 0.
        0. 0. 2.46426818e-04 4.92853636e-04 7.39280484e-04
        2.21784133e-03 3.77033018e-02 5.15032038e-02 3.22819129e-02
        3.42533290e-02 4.85460833e-02 1.48348942e-01 3.15919191e-01
        4.92853636e-04 2.59241015e-01</data></histogram></_>
  <_><id>4</id>
    <height>1.6221749782562256e-01</height>
    <contour2d>
      6.68284655e-01 2.86796503e-02 6.67187810e-01 3.01337447e-02
      6.17661238e-01 6.07203841e-02 6.16890311e-01 6.08773008e-02
      6.14636242e-01 5.93855307e-02 5.85842848e-01 -5.91014931e-03
      5.81826091e-01 -1.80859938e-02 5.80143094e-01 -2.37413775e-02
      5.80037951e-01 -2.62429491e-02 5.80992162e-01 -3.03278603e-02
      5.82628727e-01 -3.43325585e-02 6.19767427e-01 -4.96224500e-02
      6.28530145e-01 -5.26548848e-02 6.29596829e-01 -5.26556224e-02
      6.33863449e-01 -4.84185778e-02 6.68284655e-01 2.14129873e-02</contour2d>
    <histogram type_id="opencv-matrix">
      <rows>20</rows>
      <cols>1</cols>
      <dt>f</dt>
      <data>
        1.01709589e-01 5.04219867e-02 1.81778837e-02 4.97727795e-03
        1.29842025e-03 4.32806759e-04 4.32806759e-04 4.32806759e-04
        2.16403379e-04 1.29842025e-03 3.89526086e-03 1.42826233e-02
        3.13784890e-02 6.12421557e-02 5.75632975e-02 6.55702204e-02
        1.32006064e-01 2.16836184e-01 1.51482364e-03 2.36312494e-01</data></histogram></_>
  <_><id>5</id>
    <height>1.6743284463882446e-01</height>
    <contour2d>
      6.86556101e-01 -1.07582631e-02 6.73236609e-01 6.89547649e-03
      6.29509389e-01 5.67813888e-02 6.28431261e-01 5.67821376e-02
      6.20209396e-01 5.49873337e-02 5.93874037e-01 2.04036888e-02
      5.87612092e-01 1.07280267e-02 5.87612092e-01 9.34516918e-03
      5.90053916e-01 -3.33049684e-04 5.99279463e-01 -1.30272275e-02
      6.11827254e-01 -2.89718080e-02 6.36049628e-01 -5.26292622e-02
      6.38683856e-01 -5.45089394e-02 6.47316754e-01 -5.86495697e-02
      6.51229143e-01 -5.77621348e-02</contour2d>
    <histogram type_id="opencv-matrix">
      <rows>20</rows>
      <cols>1</cols>
      <dt>f</dt>
      <data>
        1.19018406e-01 4.04907987e-02 9.20245424e-03 3.88548058e-03
        1.63599185e-03 2.04498981e-04 2.04498981e-04 8.17995926e-04 0.
        1.22699386e-03 3.47648258e-03 2.76073627e-02 9.03885514e-02
        7.30061382e-02 5.33742346e-02 6.62576705e-02 1.12678938e-01
        1.87934563e-01 8.17995926e-04 2.07770959e-01</data></histogram></_>
  <_><id>6</id>
    <height>1.6571110486984253e-01</height>
    <contour2d>
      6.74865723e-01 2.72217654e-02 6.61234558e-01 5.33068776e-02
      6.49464965e-01 5.54877743e-02 6.43770754e-01 5.63900694e-02
      6.42699778e-01 5.63908108e-02 5.90173483e-01 1.35302609e-02
      5.87947428e-01 1.08198179e-02 5.84102690e-01 5.15271956e-03
      5.83343863e-01 2.40648026e-03 5.86172700e-01 -3.07728210e-03
      6.12331033e-01 -4.68020663e-02 6.14539087e-01 -4.83097881e-02
      6.23872578e-01 -5.10148443e-02 6.60326183e-01 -1.47821875e-02
      6.70175552e-01 -4.73146746e-03 6.75383568e-01 9.75454599e-03
      6.75638258e-01 1.40837934e-02</contour2d>
    <histogram type_id="opencv-matrix">
      <rows>20</rows>
      <cols>1</cols>
      <dt>f</dt>
      <data>
        6.89569339e-02 3.08688078e-02 1.99153600e-03 7.46826001e-04 0.
        0. 0. 0. 0. 7.46826001e-04 9.21085384e-03 4.77968641e-02
        1.61812305e-01 7.79188424e-02 4.33159098e-02 5.82524277e-02
        1.11277074e-01 1.36420220e-01 0. 2.50684589e-01</data></histogram></_>
  <_><id>7</id>
    <height>1.6496038436889648e-01</height>
    <contour2d>
      6.87673211e-01 4.10409458e-02 6.80711031e-01 4.80050743e-02
      6.14316583e-01 6.49395362e-02 6.05785489e-01 6.46098107e-02
      6.02460086e-01 6.35294616e-02 6.01412117e-01 6.21416159e-02
      5.94261110e-01 6.63259067e-03 5.94261110e-01 5.23830578e-03
      5.95883369e-01 -4.68003983e-03 5.99956155e-01 -9.64883715e-03
      6.05334163e-01 -1.10858325e-02 6.63620293e-01 -1.92031171e-02
      6.71575069e-01 -1.92826111e-02 6.76000595e-01 -1.64624229e-02
      6.79603994e-01 -1.21274777e-02 6.81271195e-01 -9.21795797e-03
      6.87673211e-01 3.95609438e-02</contour2d>
    <histogram type_id="opencv-matrix">
      <rows>20</rows>
      <cols>1</cols>
      <dt>f</dt>
      <data>
        8.44267011e-02 6.07529953e-02 7.13063357e-03 0. 2.85225338e-04
        0. 0. 2.85225338e-04 1.42612669e-03 8.55676015e-04
        1.73987448e-02 5.27666882e-02 7.92926475e-02 4.07872237e-02
        2.56702807e-02 3.70792933e-02 6.64575025e-02 8.87050778e-02
        2.85225338e-04 4.36394781e-01</data></histogram></_></obj>
</opencv_storage>
