<?xml version="1.0"?>
<opencv_storage>
<obj>
  <_><id>1</id>
    <height>2.1992623805999756e-02</height>
    <contour2d>
      6.04310095e-01 -6.15198687e-02 6.07014537e-01 -5.46166375e-02
      6.08728409e-01 -4.43926193e-02 6.07372224e-01 -4.56828671e-03
      6.07014716e-01 6.23256608e-04 6.02604687e-01 2.29964592e-02
      5.96197009e-01 2.47975308e-02 5.93167722e-01 2.47234683e-02
      4.67283249e-01 1.49329761e-02 4.46024418e-01 1.31486673e-02
      4.44669724e-01 9.98576824e-03 4.44669724e-01 6.86670514e-03
      4.45891261e-01 -3.21221910e-02 4.47250009e-01 -5.41357547e-02
      5.96521735e-01 -6.34309649e-02</contour2d>
    <histogram type_id="opencv-matrix">
      <rows>20</rows>
      <cols>1</cols>
      <dt>f</dt>
      <data>
        3.10509559e-02 1.25000000e-01 1.13057330e-01 1.51273888e-02
        1.59235671e-03 7.96178356e-04 0. 0. 0. 0. 0. 0. 7.96178356e-04
        7.96178356e-04 7.96178356e-04 7.96178356e-04 1.03503186e-02
        7.96178356e-03 0. 6.91878974e-01</data></histogram></_>
  <_><id>2</id>
    <height>2.2048413753509521e-02</height>
    <contour2d>
      6.11071229e-01 -6.67029321e-02 6.12501383e-01 -5.70218824e-02
      6.11132801e-01 -5.52739613e-02 5.35622358e-01 2.55878009e-02
      5.09670675e-01 5.28690070e-02 5.07113159e-01 5.45030609e-02
      5.03070354e-01 5.43306470e-02 4.94255543e-01 4.91888970e-02
      4.80592668e-01 4.06603739e-02 4.57831979e-01 2.42838115e-02
      4.55217540e-01 2.10608970e-02 4.55217540e-01 1.94892380e-02
      4.56596732e-01 1.48232281e-02 5.45759857e-01 -1.12156622e-01
      5.48358202e-01 -1.15475312e-01 5.49657345e-01 -1.15476131e-01
      5.55170655e-01 -1.14177577e-01 5.60383677e-01 -1.10853411e-01
      5.84351718e-01 -9.46848094e-02 5.97853124e-01 -8.14896449e-02</contour2d>
    <histogram type_id="opencv-matrix">
      <rows>20</rows>
      <cols>1</cols>
      <dt>f</dt>
      <data>
        3.73134315e-02 1.67910442e-01 2.32587054e-01 3.04726362e-02
        6.21890533e-04 6.21890533e-04 0. 0. 0. 0. 0. 6.21890533e-04
        1.86567160e-03 6.84079574e-03 4.35323361e-03 3.10945278e-03
        3.73134320e-03 9.95024852e-03 0. 5.00000000e-01</data></histogram></_>
  <_><id>3</id>
    <height>1.9801199436187744e-02</height>
    <contour2d>
      5.19641578e-01 -1.44972846e-01 5.35598397e-01 -1.37672439e-01
      5.40809572e-01 -1.35089949e-01 5.44763386e-01 -1.26471907e-01
      5.39791763e-01 2.90042367e-02 5.23722470e-01 3.19781378e-02
      4.83287334e-01 3.43662947e-02 4.67283309e-01 2.60563325e-02
      4.63863075e-01 -1.38899028e-01 4.66347098e-01 -1.43657312e-01
      4.76950943e-01 -1.44292101e-01</contour2d>
    <histogram type_id="opencv-matrix">
      <rows>20</rows>
      <cols>1</cols>
      <dt>f</dt>
      <data>
        3.52069177e-02 1.93329215e-01 1.48857325e-01 4.32365667e-03
        1.23533048e-03 0. 0. 0. 0. 2.47066095e-03 4.32365667e-03
        1.23533048e-03 5.55898715e-03 7.41198286e-03 6.79431763e-03
        4.94132191e-03 3.70599143e-03 4.94132191e-03 0. 5.75663984e-01</data></histogram></_>
  <_><id>4</id>
    <height>1.4500200748443604e-02</height>
    <contour2d>
      6.02280140e-01 1.97356623e-02 6.00919783e-01 2.14731954e-02
      5.86427093e-01 2.98908539e-02 4.59991992e-01 -1.67529248e-02
      4.48155880e-01 -4.17102054e-02 4.47250009e-01 -4.94415574e-02
      4.47250009e-01 -5.10062687e-02 4.48475659e-01 -6.97838888e-02
      4.49860871e-01 -7.87353739e-02 4.54297900e-01 -8.40557516e-02
      4.66181517e-01 -9.57751498e-02 4.67283010e-01 -9.63004604e-02
      6.09764338e-01 -3.95492949e-02 6.11132860e-01 -3.78030986e-02
      6.13641202e-01 -2.91262753e-02 6.13641262e-01 -1.51218129e-02
      6.03640497e-01 1.62614547e-02</contour2d>
    <histogram type_id="opencv-matrix">
      <rows>20</rows>
      <cols>1</cols>
      <dt>f</dt>
      <data>
        3.66559476e-02 2.00643077e-01 2.29581982e-01 2.57234722e-02
        3.21543403e-03 0. 0. 0. 0. 1.28617359e-03 6.43086794e-04
        6.43086794e-04 1.92926032e-03 6.43086794e-04 1.28617359e-03
        5.14469435e-03 3.85852065e-03 7.07395468e-03 0. 4.81672019e-01</data></histogram></_>
  <_><id>5</id>
    <height>1.8265008926391602e-02</height>
    <contour2d>
      5.73985457e-01 -7.96027407e-02 6.06698215e-01 -4.46561798e-02
      6.09427154e-01 -3.76904421e-02 6.09764338e-01 -3.60551067e-02
      6.09764338e-01 -3.43080498e-02 4.92013872e-01 7.49256834e-02
      4.80886757e-01 8.37101266e-02 4.65066791e-01 7.44919181e-02
      4.48334694e-01 4.74120751e-02 4.40296769e-01 2.53821965e-02
      4.40431178e-01 2.08107550e-02 4.41004872e-01 1.46666532e-02
      5.47652662e-01 -7.98933282e-02 5.51868260e-01 -8.18258896e-02
      5.68353713e-01 -8.10592696e-02</contour2d>
    <histogram type_id="opencv-matrix">
      <rows>20</rows>
      <cols>1</cols>
      <dt>f</dt>
      <data>
        3.09468824e-02 1.63048506e-01 3.97228628e-01 3.51039246e-02
        2.77136266e-03 4.61893767e-04 0. 0. 4.61893767e-04 0. 0.
        4.61893767e-04 0. 1.84757507e-03 3.23325628e-03 4.15704399e-03
        2.30946881e-03 3.69515014e-03 0. 3.54272515e-01</data></histogram></_>
  <_><id>6</id>
    <height>2.0486652851104736e-02</height>
    <contour2d>
      5.82082093e-01 -5.42735159e-02 5.82082152e-01 -3.71152572e-02
      5.79093695e-01 7.47424271e-03 5.77753782e-01 1.08963354e-02
      5.76413751e-01 1.26078045e-02 5.22430122e-01 1.54806292e-02
      4.61229980e-01 1.64339580e-02 4.53986406e-01 1.63466372e-02
      4.51523960e-01 -3.55173275e-02 4.51523960e-01 -5.59491925e-02
      4.55361307e-01 -6.08668700e-02 5.69686949e-01 -5.89349829e-02
      5.79093575e-01 -5.75291924e-02</contour2d>
    <histogram type_id="opencv-matrix">
      <rows>20</rows>
      <cols>1</cols>
      <dt>f</dt>
      <data>
        4.09090929e-02 4.09090929e-02 4.34343442e-02 1.26262633e-02 0.
        0. 0. 0. 0. 0. 4.54545487e-03 7.57575780e-03 1.31313140e-02
        5.55555569e-03 1.01010110e-02 8.58585909e-03 2.17171721e-02
        3.08080819e-02 0. 7.60101020e-01</data></histogram></_>
  <_><id>7</id>
    <height>1.4460623264312744e-02</height>
    <contour2d>
      5.64075649e-01 -6.89324364e-02 5.65404713e-01 -6.04496673e-02
      5.65404713e-01 -5.87529689e-02 5.17315567e-01 3.18121389e-02
      5.14744461e-01 3.50960754e-02 5.01795709e-01 3.80588919e-02
      4.44798768e-01 1.78436674e-02 4.41004872e-01 1.62261855e-02
      4.40109909e-01 1.46339331e-02 4.83287156e-01 -5.71994111e-02
      5.08108437e-01 -9.75232795e-02 5.09389937e-01 -9.75240916e-02
      5.21137476e-01 -9.50573385e-02 5.46338499e-01 -8.15701485e-02
      5.59813797e-01 -7.37937689e-02</contour2d>
    <histogram type_id="opencv-matrix">
      <rows>20</rows>
      <cols>1</cols>
      <dt>f</dt>
      <data>
        2.70901453e-02 3.26950029e-02 1.77487154e-02 1.86828582e-03 0.
        0. 0. 0. 0. 0. 1.86828582e-03 7.00607197e-03 7.94021506e-03
        7.47314328e-03 1.07426438e-02 1.77487154e-02 2.14852877e-02
        2.75572166e-02 0. 8.18776250e-01</data></histogram></_>
  <_><id>8</id>
    <height>1.3474941253662109e-02</height>
    <contour2d>
      5.87775171e-01 1.44006535e-02 5.86427093e-01 1.61225460e-02
      5.64075887e-01 3.62643562e-02 5.56100428e-01 4.28341366e-02
      5.39791822e-01 5.57071939e-02 5.34319222e-01 5.88631406e-02
      4.74628747e-01 -4.57023196e-02 4.74628687e-01 -6.32773638e-02
      5.25252402e-01 -8.87389407e-02 5.28870821e-01 -8.89267623e-02
      5.34318924e-01 -8.42172951e-02 5.62463880e-01 -3.82736325e-02
      5.82009137e-01 6.27916073e-04 5.87775171e-01 1.26796430e-02</contour2d>
    <histogram type_id="opencv-matrix">
      <rows>20</rows>
      <cols>1</cols>
      <dt>f</dt>
      <data>
        3.59457880e-02 2.88744848e-02 3.77136134e-02 1.53211551e-02 0.
        0. 0. 0. 5.89275209e-04 5.89275209e-04 5.30347694e-03
        8.83912854e-03 1.41426045e-02 1.11962287e-02 1.11962287e-02
        9.42840334e-03 2.12139077e-02 3.00530363e-02 0. 7.69593418e-01</data></histogram></_>
  <_><id>10</id>
