<?xml version="1.0"?>
<opencv_storage>
<obj>
  <_><id>1</id>
    <height>1.7613828182220459e-02</height>
    <contour2d>
      4.85683441e-01 -2.80434657e-02 4.84436095e-01 6.99280808e-03
      4.79730666e-01 1.01579735e-02 4.71017480e-01 1.33415610e-02
      4.63705897e-01 1.48520218e-02 4.10816073e-01 1.57857705e-02
      4.03690457e-01 1.57902744e-02 4.02502775e-01 1.42749110e-02
      3.99655879e-01 8.17349181e-03 3.97646666e-01 -2.34640911e-02
      3.98473561e-01 -2.95548346e-02 3.99655759e-01 -3.10647208e-02
      4.02364492e-01 -3.40069085e-02 4.48475718e-01 -3.53596807e-02
      4.67713594e-01 -3.56443524e-02 4.80009675e-01 -3.42612192e-02
      4.82493699e-01 -3.26771773e-02</contour2d>
    <histogram type_id="opencv-matrix">
      <rows>20</rows>
      <cols>1</cols>
      <dt>f</dt>
      <data>
        3.80258895e-02 2.10355986e-02 4.04530764e-03 3.23624606e-03 0.
        0. 0. 0. 0. 0. 1.05177993e-02 5.66343078e-03 6.47249212e-03
        1.77993532e-02 1.53721692e-02 1.37540456e-02 8.09061527e-03
        1.37540456e-02 0. 8.42233062e-01</data></histogram></_>
  <_><id>2</id>
    <height>1.9657611846923828e-02</height>
    <contour2d>
      4.67528820e-01 -5.12442701e-02 4.68948841e-01 -4.82602641e-02
      4.68657553e-01 -4.20443006e-02 4.32950199e-01 1.43721690e-02
      4.30860817e-01 1.73897985e-02 4.27277625e-01 2.19664332e-02
      4.23373163e-01 2.20195521e-02 4.10295367e-01 1.57125816e-02
      3.99300635e-01 9.70575120e-03 3.97291481e-01 8.17498565e-03
      3.96109343e-01 6.66656345e-03 3.96109283e-01 -2.38841935e-03
      3.99300575e-01 -1.14711504e-02 4.15847242e-01 -4.53215726e-02
      4.19106543e-01 -5.15666902e-02 4.29387689e-01 -6.74531087e-02
      4.32462394e-01 -7.17747137e-02 4.33669090e-01 -7.17754737e-02
      4.64409769e-01 -5.41465990e-02</contour2d>
    <histogram type_id="opencv-matrix">
      <rows>20</rows>
      <cols>1</cols>
      <dt>f</dt>
      <data>
        7.41839758e-04 1.40949553e-02 2.96735903e-03 2.96735903e-03 0.
        0. 0. 7.41839758e-04 2.96735903e-03 2.22551916e-03
        4.45103832e-03 8.90207663e-03 3.26409489e-02 2.29970329e-02
        8.90207663e-03 3.70919891e-03 9.64391697e-03 4.45103832e-03 0.
        8.77596438e-01</data></histogram></_>
  <_><id>3</id>
    <height>2.7093052864074707e-02</height>
    <contour2d>
      4.28161681e-01 1.43751958e-02 4.23879802e-01 1.57775152e-02
      4.17941749e-01 1.72973834e-02 4.06451702e-01 1.85366720e-02
      3.92061472e-01 1.85894705e-02 3.90888810e-01 1.70932002e-02
      3.89716148e-01 1.40999183e-02 3.86198103e-01 -4.57780808e-02
      3.86198044e-01 -6.52392060e-02 3.88582587e-01 -6.84712976e-02
      4.11149383e-01 -6.89588040e-02 4.16753948e-01 -6.76040053e-02
      4.20628488e-01 -6.59395754e-02 4.22998250e-01 -6.44283965e-02
      4.24183190e-01 -6.29165247e-02 4.29358661e-01 -4.67561819e-02
      4.32334960e-01 -2.08707862e-02 4.33537543e-01 -2.44897767e-03
      4.33537543e-01 2.15667882e-03 4.32645321e-01 5.21520479e-03
      4.30555940e-01 1.13171674e-02</contour2d>
    <histogram type_id="opencv-matrix">
      <rows>20</rows>
      <cols>1</cols>
      <dt>f</dt>
      <data>
        1.47368424e-02 1.05263162e-02 7.01754401e-03 1.40350882e-03
        2.10526329e-03 7.01754412e-04 7.01754412e-04 0. 0. 0.
        2.80701765e-03 1.19298249e-02 3.50877196e-02 1.47368424e-02
        8.42105318e-03 1.40350882e-03 7.01754412e-04 2.80701765e-03 0.
        8.84912312e-01</data></histogram></_>
  <_><id>4</id>
    <height>2.2505581378936768e-02</height>
    <contour2d>
      4.33845162e-01 -2.44425121e-03 4.08779800e-01 2.33134795e-02
      4.07594860e-01 2.33142283e-02 3.51429939e-01 -2.85809375e-02
      3.48404706e-01 -3.57968993e-02 3.49546015e-01 -3.87117565e-02
      3.54111433e-01 -4.59999554e-02 3.57535481e-01 -5.03732935e-02
      3.71333063e-01 -6.41742051e-02 3.75947416e-01 -6.71224594e-02
      3.77898037e-01 -6.72814474e-02 4.29045737e-01 -2.23538205e-02
      4.34147298e-01 -1.46656400e-02 4.34147298e-01 -5.49606606e-03</contour2d>
    <histogram type_id="opencv-matrix">
      <rows>20</rows>
      <cols>1</cols>
      <dt>f</dt>
      <data>
        1.34680129e-03 1.41414134e-02 1.95286181e-02 6.06060587e-03 0.
        0. 0. 0. 6.73400646e-04 3.36700329e-03 3.36700329e-03
        1.07744103e-02 1.88552178e-02 1.81818176e-02 6.73400657e-03
        6.73400657e-03 3.36700329e-03 5.38720516e-03 0. 8.81481469e-01</data></histogram></_>
  <_><id>5</id>
    <height>1.6818046569824219e-02</height>
    <contour2d>
      4.22499895e-01 3.67195485e-03 4.21305537e-01 6.72227750e-03
      4.17387486e-01 9.79721639e-03 3.79492283e-01 1.24901170e-02
      3.42064738e-01 1.36141004e-02 3.35696936e-01 7.82605819e-03
      3.33143830e-01 3.49064893e-03 3.33550632e-01 -2.22455431e-02
      3.34266126e-01 -2.51650531e-02 3.38356555e-01 -3.24092470e-02
      3.39481592e-01 -3.38462107e-02 3.41335595e-01 -3.53683941e-02
      3.61331105e-01 -3.71738225e-02 3.76377046e-01 -3.78454402e-02
      4.14378822e-01 -3.87964025e-02 4.16754007e-01 -3.57657336e-02</contour2d>
    <histogram type_id="opencv-matrix">
      <rows>20</rows>
      <cols>1</cols>
      <dt>f</dt>
      <data>
        1.87290963e-02 3.54515053e-02 3.34448158e-03 4.68227407e-03
        6.68896304e-04 0. 0. 0. 1.33779261e-03 6.68896304e-04
        4.68227407e-03 7.35785952e-03 1.60535108e-02 2.40802672e-02
        8.69565178e-03 1.33779261e-03 2.67558522e-03 2.67558522e-03 0.
        8.67558479e-01</data></histogram></_>
  <_><id>6</id>
    <height>1.9856691360473633e-02</height>
    <contour2d>
      4.10620570e-01 -4.90690246e-02 4.13519204e-01 -4.62707616e-02
      4.14704025e-01 -4.47588973e-02 4.14704084e-01 -3.87083292e-02
      4.09628451e-01 -8.47120862e-03 3.95922422e-01 3.04915793e-02
      3.93582582e-01 3.34801264e-02 3.88440669e-01 3.48130725e-02
      3.82523537e-01 3.45710702e-02 3.60192657e-01 2.82383990e-02
      3.55638087e-01 2.67876815e-02 3.52222145e-01 2.24290825e-02
      3.55252922e-01 4.99652559e-03 3.68647456e-01 -4.36569601e-02
      3.77960086e-01 -5.73486686e-02 3.97092104e-01 -5.31469882e-02</contour2d>
    <histogram type_id="opencv-matrix">
      <rows>20</rows>
      <cols>1</cols>
      <dt>f</dt>
      <data>
        6.83994545e-03 1.29958969e-02 8.20793491e-03 1.36798911e-03
        6.83994556e-04 0. 0. 0. 0. 6.83994545e-03 4.78796195e-03
        4.78796195e-03 9.57592390e-03 1.43638859e-02 1.43638859e-02
        1.50478799e-02 1.02599179e-02 4.10396745e-03 0. 8.85772943e-01</data></histogram></_>
  <_><id>7</id>
    <height>7.7600121498107910e-02</height>
    <contour2d>
      4.11016285e-01 2.05331128e-02 4.06768024e-01 2.19074804e-02
      3.98320436e-01 2.32199542e-02 3.93885553e-01 2.32227575e-02
      3.85599136e-01 1.90761853e-02 3.80581081e-01 5.85032802e-04
      3.85342836e-01 -2.74895933e-02 3.96102905e-01 -2.91477982e-02
      4.00313020e-01 -2.92213708e-02 4.08996165e-01 -2.78754644e-02
      4.13041592e-01 -2.65836492e-02 4.14161205e-01 -2.51550470e-02
      4.14161265e-01 2.00119778e-03 4.12133157e-01 1.62550081e-02</contour2d>
    <histogram type_id="opencv-matrix">
      <rows>20</rows>
      <cols>1</cols>
      <dt>f</dt>
      <data>
        5.86510263e-02 5.27859256e-02 1.46627566e-03 0. 0. 0. 0. 0. 0.
        0. 2.93255132e-03 5.86510263e-03 1.75953079e-02 3.51906158e-02
        1.31964814e-02 1.75953079e-02 2.34604105e-02 2.78592370e-02 0.
        7.43401766e-01</data></histogram></_>
  <_><id>8</id>
    <height>7.8276455402374268e-02</height>
    <contour2d>
      4.10802484e-01 2.00332026e-03 4.00312245e-01 9.03056841e-03
      3.92811239e-01 1.04191480e-02 3.91475201e-01 1.04463305e-02
      3.76549423e-01 4.79015801e-03 3.67767453e-01 -8.11375561e-04
      3.66068721e-01 -3.63934319e-03 3.60855877e-01 -1.62879732e-02
      3.60855877e-01 -2.05080621e-02 3.64458323e-01 -2.60731913e-02
      3.68703604e-01 -2.98764110e-02 3.76795709e-01 -3.05893347e-02
      3.97879541e-01 -2.62862146e-02 4.02755141e-01 -2.34905034e-02
