<?xml version="1.0"?>
<opencv_storage>
<obj>
  <_><id>0</id>
    <height>1.1636304855346680e-01</height>
    <contour2d>
      7.36556053e-01 9.93858874e-02 7.18436658e-01 1.86260775e-01
      6.85512424e-01 1.93343431e-01 5.92992783e-01 1.61382422e-01
      5.70893049e-01 1.52703553e-01 5.61462998e-01 1.48118839e-01
      5.60118675e-01 1.46567658e-01 5.59455276e-01 9.45223272e-02
      5.61327577e-01 8.53044614e-02 5.63472390e-01 8.25838968e-02
      5.66815317e-01 8.10873359e-02 5.73307097e-01 8.13098550e-02
      6.35981977e-01 8.47742110e-02 7.32814074e-01 9.84951928e-02</contour2d>
    <histogram type_id="opencv-matrix">
      <rows>20</rows>
      <cols>1</cols>
      <dt>f</dt>
      <data>
        0. 0. 0. 0. 0. 0. 0. 0. 0. 1.22615807e-02 0. 0. 0. 0. 0. 0. 0.
        0. 5.24523146e-02 9.35286105e-01</data></histogram></_>
  <_><id>1</id>
    <height>1.3622903823852539e-01</height>
    <contour2d>
      7.46239424e-01 -3.58817995e-01 6.01264834e-01 -3.63746285e-01
      5.59987724e-01 -3.70560050e-01 5.27345419e-01 -3.80084187e-01
      5.26373744e-01 -3.80633146e-01 5.20357490e-01 -3.85136485e-01
      5.19582391e-01 -3.87063652e-01 5.22336304e-01 -3.90474975e-01
      5.42120218e-01 -4.13271785e-01 5.48321843e-01 -4.17959452e-01
      5.52539051e-01 -4.20572400e-01 5.56444764e-01 -4.22669172e-01
      5.69161355e-01 -4.25265789e-01 5.82374275e-01 -4.20662224e-01
      7.30612516e-01 -3.66228014e-01 7.37218380e-01 -3.63649994e-01</contour2d>
    <histogram type_id="opencv-matrix">
      <rows>20</rows>
      <cols>1</cols>
      <dt>f</dt>
      <data>
        9.93651390e-01 0. 0. 0. 0. 0. 0. 0. 0. 0. 0. 0. 0. 0. 0. 0. 0.
        0. 6.34863088e-03 0.</data></histogram></_>
  <_><id>2</id>
    <height>1.1601221561431885e-01</height>
    <contour2d>
      7.47178614e-01 9.42071602e-02 7.22236216e-01 1.45784631e-01
      7.11536407e-01 1.55112237e-01 6.51412070e-01 1.61726311e-01
      5.83736897e-01 1.40892580e-01 5.55579185e-01 1.31298840e-01
      5.45568764e-01 1.26907662e-01 5.43498516e-01 1.25254825e-01
      5.42930603e-01 1.23908535e-01 5.42243004e-01 1.17682561e-01
      5.41616559e-01 8.24652165e-02 5.42781770e-01 8.01570863e-02
      5.44402957e-01 7.87162855e-02 5.55711687e-01 7.83193409e-02
      6.21607602e-01 7.93964043e-02 6.45558357e-01 8.09534043e-02
      6.81804121e-01 8.40806216e-02</contour2d>
    <histogram type_id="opencv-matrix">
      <rows>20</rows>
      <cols>1</cols>
      <dt>f</dt>
      <data>
        0. 0. 0. 0. 0. 0. 0. 0. 0. 1.00376410e-02 0. 0. 0. 0. 0. 0. 0.
        0. 6.60811365e-02 9.23881233e-01</data></histogram></_>
  <_><id>3</id>
    <height>1.1822652816772461e-01</height>
    <contour2d>
      7.05569029e-01 1.84852198e-01 6.49676740e-01 1.68722704e-01
      6.33166850e-01 1.63518041e-01 6.05307043e-01 1.53445855e-01
      5.94691277e-01 1.48595110e-01 5.82276046e-01 1.40633598e-01
      5.45296073e-01 1.13631591e-01 5.44403017e-01 1.11804500e-01
      5.80083847e-01 6.90950230e-02 5.85871041e-01 6.47552758e-02
      5.88474691e-01 6.34052902e-02 6.01203620e-01 6.23542815e-02
      6.02873981e-01 6.23386316e-02 6.17814720e-01 6.30422086e-02
      6.39432609e-01 6.44664913e-02 6.63091898e-01 6.68050051e-02
      6.84059024e-01 9.91444290e-02 7.02459931e-01 1.53108224e-01
      7.05434620e-01 1.69100225e-01</contour2d>
    <histogram type_id="opencv-matrix">
      <rows>20</rows>
      <cols>1</cols>
      <dt>f</dt>
      <data>
        0. 0. 0. 0. 0. 0. 0. 0. 0. 3.51887406e-03 0. 0. 0. 0. 0. 0. 0.
        0. 1.19961612e-01 8.76519501e-01</data></histogram></_>
  <_><id>4</id>
    <height>1.1998772621154785e-01</height>
    <contour2d>
      7.58340418e-01 1.27685383e-01 7.28740096e-01 1.62607506e-01
      6.85973823e-01 1.70751482e-01 6.65593624e-01 1.64596498e-01
      5.87632060e-01 1.39661148e-01 5.68518341e-01 1.32696941e-01
      5.61205208e-01 1.29065678e-01 5.60611963e-01 1.27285108e-01
      5.55164158e-01 7.45932162e-02 5.55476427e-01 7.30407685e-02
      5.60378611e-01 6.61459491e-02 5.62230945e-01 6.47682399e-02
      5.67023277e-01 6.31157830e-02 5.77254534e-01 6.24248832e-02
      6.32485032e-01 6.25337139e-02 6.57278478e-01 6.51594922e-02
      7.21016645e-01 7.33636394e-02 7.35704660e-01 7.54262432e-02</contour2d>
    <histogram type_id="opencv-matrix">
      <rows>20</rows>
      <cols>1</cols>
      <dt>f</dt>
      <data>
        3.52609321e-04 0. 0. 0. 0. 0. 0. 0. 0. 5.99435857e-03 0. 0. 0.
        0. 0. 0. 0. 0. 4.97179143e-02 9.43935156e-01</data></histogram></_>
  <_><id>5</id>
    <height>1.1704564094543457e-01</height>
    <contour2d>
      7.26093292e-01 1.61042124e-01 6.63077176e-01 1.44040078e-01
      6.30924881e-01 1.34710044e-01 6.11273468e-01 1.27795666e-01
      5.99004984e-01 1.23093329e-01 5.92373133e-01 1.19999722e-01
      5.44882715e-01 8.92069712e-02 5.37204742e-01 8.29943717e-02
      5.36776364e-01 8.13090429e-02 5.65044343e-01 4.85340208e-02
      5.70111990e-01 4.56891842e-02 5.74094057e-01 4.42668758e-02
      5.92551529e-01 4.39422503e-02 6.36569500e-01 4.68192622e-02
      6.63140476e-01 7.41541386e-02 6.81338966e-01 9.32829157e-02</contour2d>
    <histogram type_id="opencv-matrix">
      <rows>20</rows>
      <cols>1</cols>
      <dt>f</dt>
      <data>
        0. 0. 0. 0. 0. 0. 0. 0. 0. 4.04114602e-03 0. 0. 0. 0. 0. 0. 0.
        0. 1.49522409e-01 8.46436441e-01</data></histogram></_>
  <_><id>6</id>
    <height>1.1528956890106201e-01</height>
    <contour2d>
      7.42102265e-01 1.33432150e-01 7.17963099e-01 1.31713882e-01
      6.50419295e-01 1.24098323e-01 6.45367146e-01 1.23316109e-01
      6.03404403e-01 1.13313824e-01 5.68238437e-01 1.04500279e-01
      5.56842446e-01 1.01012573e-01 5.50563514e-01 9.86456200e-02
      5.44725955e-01 9.60343927e-02 5.40721238e-01 9.38261375e-02
      5.40081859e-01 9.23792943e-02 5.40389240e-01 5.33234812e-02
      5.42275846e-01 5.01235686e-02 5.44693410e-01 4.76954803e-02
      5.49582779e-01 4.62895893e-02 5.50789356e-01 4.62414138e-02
      5.74493825e-01 4.73923981e-02 6.56524479e-01 5.21505810e-02
      7.26012230e-01 5.71139865e-02 7.34105825e-01 5.80254793e-02</contour2d>
    <histogram type_id="opencv-matrix">
      <rows>20</rows>
      <cols>1</cols>
      <dt>f</dt>
      <data>
        0. 0. 0. 0. 0. 0. 0. 0. 0. 5.34979440e-03 0. 0. 0. 0. 0. 0. 0.
        0. 7.36625493e-02 9.20987666e-01</data></histogram></_>
  <_><id>7</id>
    <height>1.1567783355712891e-01</height>
    <contour2d>
      7.46252596e-01 9.19889361e-02 7.19800115e-01 1.62124723e-01
      6.49976373e-01 1.43107340e-01 6.09705925e-01 1.31137222e-01
      5.95492542e-01 1.25870079e-01 5.91482162e-01 1.23182930e-01
      5.50682664e-01 9.21668559e-02 5.49704611e-01 9.03481320e-02
      5.60168266e-01 7.87773654e-02 5.94178915e-01 4.35124300e-02
      5.97343028e-01 4.19291966e-02 6.08049691e-01 4.06261422e-02
      6.30226076e-01 3.98305021e-02 6.44206643e-01 4.04318571e-02
      6.80413306e-01 4.33545262e-02</contour2d>
    <histogram type_id="opencv-matrix">
      <rows>20</rows>
      <cols>1</cols>
      <dt>f</dt>
      <data>
        0. 0. 0. 0. 0. 0. 0. 0. 0. 8.07493553e-03 0. 0. 0. 0. 0. 0. 0.
        0. 1.10142119e-01 8.81782949e-01</data></histogram></_></obj>
</opencv_storage>
