<?xml version="1.0"?>
<opencv_storage>
<obj>
  <_><id>1</id>
    <height>4.9258291721343994e-02</height>
    <contour2d>
      6.33668184e-01 -6.76025152e-02 6.25877678e-01 -6.77504092e-02
      6.25598550e-01 -6.79070503e-02 6.24550879e-01 -6.99775219e-02
      6.21236444e-01 -7.87785947e-02 6.11411452e-01 -1.06337324e-01
      5.96342802e-01 -1.50674358e-01 5.96342742e-01 -1.53525978e-01
      6.04393482e-01 -1.59238592e-01 6.21367216e-01 -1.62347957e-01
      6.26075447e-01 -1.53997198e-01 6.30579054e-01 -1.43021092e-01
      6.51762784e-01 -8.63724723e-02 6.51762784e-01 -8.18814635e-02
      6.40951395e-01 -7.07341954e-02</contour2d>
    <histogram type_id="opencv-matrix">
      <rows>20</rows>
      <cols>1</cols>
      <dt>f</dt>
      <data>
        0. 1.54162385e-03 3.23741026e-02 4.88180891e-02 5.94039083e-01
        2.31757462e-01 3.75128500e-02 1.54162394e-02 1.18191168e-02
        6.16649538e-03 7.19424477e-03 3.59712238e-03 2.05549854e-03
        3.08324769e-03 3.59712238e-03 0. 0. 0. 1.02774927e-03 0.</data></histogram></_>
  <_><id>2</id>
    <height>4.9896657466888428e-02</height>
    <contour2d>
      5.82214296e-01 -6.51718900e-02 5.85762739e-01 -5.56743033e-02
      5.85762739e-01 -5.00613749e-02 5.84970474e-01 -4.86572459e-02
      5.19578218e-01 -1.13434307e-02 5.15588820e-01 -9.96514037e-03
      5.10440707e-01 -9.95914824e-03 5.03754258e-01 -2.27673873e-02
      5.02297103e-01 -2.66367123e-02 5.01568556e-01 -2.92165615e-02
      5.01568496e-01 -3.56682725e-02 5.01819849e-01 -3.72037180e-02
      5.03178298e-01 -4.28486057e-02 5.04247129e-01 -4.39898744e-02
      5.66121995e-01 -8.15043151e-02 5.70209146e-01 -8.13115388e-02
      5.73275208e-01 -7.91656822e-02 5.75046420e-01 -7.70591199e-02</contour2d>
    <histogram type_id="opencv-matrix">
      <rows>20</rows>
      <cols>1</cols>
      <dt>f</dt>
      <data>
        0. 0. 3.32409982e-03 3.82271484e-02 5.27977824e-01
        3.88365656e-01 2.82548480e-02 1.05263153e-02 2.77008303e-03
        5.54016617e-04 0. 0. 0. 0. 0. 0. 0. 0. 0. 0.</data></histogram></_>
  <_><id>3</id>
    <height>2.3239254951477051e-02</height>
    <contour2d>
      6.01117909e-01 -6.91307262e-02 6.02490067e-01 -6.63890317e-02
      6.02490067e-01 -6.49354607e-02 5.79700232e-01 -1.80129949e-02
      5.65956891e-01 8.96812603e-03 5.60931683e-01 7.51996413e-03
      5.56720376e-01 6.08474854e-03 5.49648225e-01 3.26421019e-03
      5.18914700e-01 -1.16271265e-02 5.16634822e-01 -1.96999498e-02
      5.49126923e-01 -9.37551111e-02 5.49909472e-01 -9.51419175e-02
      5.51474452e-01 -9.65295807e-02 5.73938668e-01 -8.57554525e-02
      5.83461881e-01 -8.07950646e-02 5.94562650e-01 -7.43901730e-02
      5.99480331e-01 -7.05789626e-02</contour2d>
    <histogram type_id="opencv-matrix">
      <rows>20</rows>
      <cols>1</cols>
      <dt>f</dt>
      <data>
        0. 2.14041094e-03 4.88013700e-02 6.37842491e-02 4.31506842e-01
        3.21061641e-01 5.22260256e-02 2.73972601e-02 8.56164377e-03
        1.15582189e-02 5.99315064e-03 6.84931502e-03 1.15582189e-02
        7.27739744e-03 4.28082189e-04 0. 0. 0. 8.56164377e-04 0.</data></histogram></_>
  <_><id>4</id>
    <height>2.0669937133789062e-02</height>
    <contour2d>
      5.94844937e-01 -1.97736807e-02 5.92124045e-01 -1.82391554e-02
      5.46389341e-01 -2.27901596e-03 5.44050634e-01 -2.27629370e-03
      5.42752981e-01 -3.64780496e-03 5.37062943e-01 -1.73282642e-02
      5.16503870e-01 -7.57403746e-02 5.15748799e-01 -8.24256688e-02
      5.16503870e-01 -8.64382386e-02 5.17258942e-01 -8.91135857e-02
      5.24234176e-01 -9.23883021e-02 5.44557691e-01 -9.98015106e-02
      5.62252522e-01 -1.04502179e-01 5.65162301e-01 -1.04763247e-01
      5.68079889e-01 -1.03617653e-01 5.68874180e-01 -1.02211848e-01
      5.85621595e-01 -6.09828569e-02 5.94299257e-01 -3.12725753e-02
      5.95661759e-01 -2.55611688e-02 5.95661759e-01 -2.12212522e-02</contour2d>
    <histogram type_id="opencv-matrix">
      <rows>20</rows>
      <cols>1</cols>
      <dt>f</dt>
      <data>
        4.11692046e-04 4.11692046e-04 3.04652117e-02 8.35734829e-02
        3.29353631e-01 4.15397286e-01 5.43433502e-02 2.22313702e-02
        1.52326059e-02 9.88060888e-03 5.35199651e-03 8.64553265e-03
        1.44092217e-02 8.64553265e-03 1.23507611e-03 4.11692046e-04 0.
        0. 0. 0.</data></histogram></_>
  <_><id>5</id>
    <height>2.4066567420959473e-02</height>
    <contour2d>
      6.02490127e-01 -5.33067547e-02 5.95375657e-01 -3.83987091e-02
      5.74609339e-01 -1.08454730e-02 5.72211802e-01 -8.01190641e-03
      5.71412623e-01 -8.01097602e-03 5.22314310e-01 -2.76768487e-02
      5.02338588e-01 -5.38395531e-02 5.01590371e-01 -5.64888418e-02
      5.11218488e-01 -7.70714432e-02 5.28199077e-01 -1.02467187e-01
      5.28714180e-01 -1.02728948e-01 5.45333326e-01 -9.43076313e-02
      5.58029532e-01 -8.72681960e-02 5.72342277e-01 -7.86853731e-02
      6.02490067e-01 -5.91210797e-02</contour2d>
    <histogram type_id="opencv-matrix">
      <rows>20</rows>
      <cols>1</cols>
      <dt>f</dt>
      <data>
        0. 3.97456286e-04 3.21939588e-02 7.39268661e-02 3.43402237e-01
        4.20906216e-01 5.88235296e-02 2.26550084e-02 9.93640721e-03
        9.93640721e-03 6.75675692e-03 5.16693154e-03 5.56438789e-03
        6.35930058e-03 2.78219394e-03 0. 0. 0. 1.19236880e-03 0.</data></histogram></_>
  <_><id>6</id>
    <height>2.0473003387451172e-02</height>
    <contour2d>
      6.00027919e-01 -2.85928547e-02 5.79700232e-01 -2.37023365e-02
      5.37440419e-01 -1.45351440e-02 5.21954596e-01 -1.16306646e-02
      5.16890466e-01 -1.15963230e-02 5.08457839e-01 -4.21918519e-02
      5.04826963e-01 -6.55973032e-02 5.04826903e-01 -7.08837360e-02
      5.46884656e-01 -8.05724040e-02 5.69412947e-01 -8.55411291e-02
      5.82656801e-01 -8.64973217e-02 5.87785065e-01 -8.54886696e-02
      5.88594079e-01 -8.40568841e-02 6.01669371e-01 -4.74914163e-02
      6.00848675e-01 -3.15009952e-02</contour2d>
    <histogram type_id="opencv-matrix">
      <rows>20</rows>
      <cols>1</cols>
      <dt>f</dt>
      <data>
        0. 1.24740135e-03 1.45530151e-02 9.27234963e-02 3.18503141e-01
        4.40332651e-01 6.48648664e-02 2.07900219e-02 8.73180944e-03
        7.48440763e-03 4.98960540e-03 6.65280689e-03 9.97921079e-03
        4.57380479e-03 2.49480270e-03 0. 0. 4.15800430e-04
        1.66320172e-03 0.</data></histogram></_>
  <_><id>7</id>
    <height>2.1430850028991699e-02</height>
    <contour2d>
      6.08259976e-01 -5.51545583e-02 6.06059194e-01 -4.91807088e-02
      5.94844878e-01 -3.56867313e-02 5.47692955e-01 3.25184618e-03
      5.44432163e-01 3.26052168e-03 5.29994428e-01 -9.04493034e-03
      5.09708464e-01 -3.42782140e-02 5.09211004e-01 -3.55239250e-02
      5.08832455e-01 -3.80441509e-02 5.09211004e-01 -3.95251960e-02
      5.10717154e-01 -4.35282178e-02 5.39383829e-01 -7.07699433e-02
      5.58562279e-01 -8.74848217e-02 5.67552984e-01 -9.42299291e-02
      5.69947600e-01 -9.56463441e-02 5.70745826e-01 -9.56472680e-02
      5.73938608e-01 -9.28236842e-02 5.98661542e-01 -6.91278651e-02
      6.02490067e-01 -6.49354607e-02</contour2d>
    <histogram type_id="opencv-matrix">
      <rows>20</rows>
      <cols>1</cols>
      <dt>f</dt>
      <data>
        3.98724078e-04 1.19617220e-03 1.59489624e-02 8.41307789e-02
        2.88676232e-01 4.68899518e-01 6.81818202e-02 2.31259968e-02
        9.56937764e-03 1.43540669e-02 4.78468882e-03 4.78468882e-03
        7.97448121e-03 5.18341316e-03 7.97448156e-04 3.98724078e-04
        3.98724078e-04 3.98724078e-04 7.97448156e-04 0.</data></histogram></_>
  <_><id>8</id>
    <height>2.2609412670135498e-02</height>
    <contour2d>
      5.94562590e-01 -8.30283314e-02 5.96188426e-01 -8.01508278e-02
      5.96743703e-01 -7.74568617e-02 5.97295284e-01 -7.33022690e-02
      5.87519884e-01 -2.39302567e-03 5.86708903e-01 4.80375311e-04
      5.84549367e-01 3.34558566e-03 5.81586599e-01 4.76852851e-03
      5.79436779e-01 4.75779828e-03 5.37190795e-01 -8.85317451e-04
