<?xml version="1.0"?>
<opencv_storage>
<obj>
  <_><id>0</id>
    <height>1.6107773780822754e-01</height>
    <contour2d>
      6.96498871e-01 7.58965537e-02 6.95936322e-01 7.58974776e-02
      6.93352759e-01 7.44970590e-02 6.73550904e-01 5.04362807e-02
      6.58487082e-01 1.02570429e-02 6.56909347e-01 3.61424149e-03
      6.56225502e-01 -9.45932232e-03 6.57481790e-01 -1.87619347e-02
      6.79157555e-01 -4.30344343e-02 6.80768967e-01 -4.40537594e-02
      6.88142717e-01 -4.44263890e-02 6.95805907e-01 -2.76863165e-02
      6.97846472e-01 3.05810925e-02 6.97284877e-01 7.06162900e-02</contour2d>
    <histogram type_id="opencv-matrix">
      <rows>20</rows>
      <cols>1</cols>
      <dt>f</dt>
      <data>
        6.36537210e-04 3.81922326e-03 5.72883477e-03 6.36537210e-04 0.
        1.90961163e-03 0. 1.90961163e-03 3.18268593e-03 3.75556946e-02
        2.98535943e-01 3.01082104e-01 2.80076377e-02 1.01845954e-02
        1.27307442e-03 0. 2.54614884e-03 0. 0. 3.02991718e-01</data></histogram></_>
  <_><id>1</id>
    <height>1.6007721424102783e-01</height>
    <contour2d>
      7.44103551e-01 2.28615757e-02 7.12890148e-01 2.92140394e-02
      6.83012843e-01 2.95627490e-02 6.64177060e-01 2.48836949e-02
      6.52153194e-01 1.42389117e-02 6.42363012e-01 4.94591799e-03
      6.40414834e-01 2.31587398e-03 6.41219616e-01 -1.21379066e-02
      6.43169284e-01 -2.26869099e-02 6.46970749e-01 -3.34096774e-02
      6.52746797e-01 -4.29862514e-02 6.57088101e-01 -4.52767499e-02
      6.65557921e-01 -4.82124016e-02 6.70725346e-01 -4.96825539e-02
      6.71305299e-01 -4.96835113e-02 7.43785083e-01 1.59812272e-02</contour2d>
    <histogram type_id="opencv-matrix">
      <rows>20</rows>
      <cols>1</cols>
      <dt>f</dt>
      <data>
        7.16332404e-04 0. 2.14899727e-03 0. 7.16332404e-04 0.
        7.16332404e-04 7.16332404e-04 5.01432689e-03 2.86532957e-02
        2.82951295e-01 3.98280829e-01 2.29226369e-02 1.50429802e-02
        5.01432689e-03 2.14899727e-03 7.16332404e-04 7.16332404e-04 0.
        2.33524367e-01</data></histogram></_>
  <_><id>2</id>
    <height>1.6359829902648926e-01</height>
    <contour2d>
      6.68234527e-01 3.05002686e-02 6.66484714e-01 3.05031538e-02
      6.60286427e-01 2.76679713e-02 6.52167022e-01 2.23480221e-02
      6.45588636e-01 1.42279062e-02 6.42596900e-01 1.02187861e-02
      6.39943719e-01 -8.16128682e-03 6.39943719e-01 -1.20869987e-02
      6.42596841e-01 -1.87373962e-02 6.51222885e-01 -3.64963189e-02
      6.58786833e-01 -3.67710777e-02 6.79765224e-01 -1.92839578e-02
      6.82338893e-01 -9.15353000e-03 6.82338893e-01 -4.15543607e-03
      6.70887947e-01 2.87271477e-02</contour2d>
    <histogram type_id="opencv-matrix">
      <rows>20</rows>
      <cols>1</cols>
      <dt>f</dt>
      <data>
        0. 2.21238937e-03 2.21238937e-03 0. 0. 0. 0. 0. 8.84955749e-03
        3.09734512e-02 3.42920363e-01 3.96017700e-01 1.32743362e-02 0.
        4.42477874e-03 0. 0. 0. 0. 1.99115038e-01</data></histogram></_>
  <_><id>3</id>
    <height>1.5800249576568604e-01</height>
    <contour2d>
      7.34109044e-01 -4.51355129e-02 7.36465335e-01 -4.24308293e-02
      7.36726880e-01 -4.10207063e-02 7.36726880e-01 -3.96683291e-02
      7.30060816e-01 -2.05578301e-02 6.82694733e-01 3.60531807e-02
      6.78893566e-01 3.83939631e-02 6.74375176e-01 3.95291857e-02
      6.73119485e-01 3.94076034e-02 6.68791354e-01 3.81709337e-02
      6.64848745e-01 3.43375839e-02 6.63870513e-01 3.06836888e-02
      6.61809742e-01 1.62809677e-02 6.61343753e-01 5.05902199e-03
      6.61570966e-01 -3.02428519e-03 6.66955411e-01 -2.33562458e-02
      6.89726770e-01 -4.48764041e-02 6.92055702e-01 -4.68037948e-02
      6.98246062e-01 -4.88684624e-02 7.28705227e-01 -4.62253429e-02</contour2d>
    <histogram type_id="opencv-matrix">
      <rows>20</rows>
      <cols>1</cols>
      <dt>f</dt>
      <data>
        0. 0. 0. 0. 0. 0. 0. 0. 4.08997945e-03 2.35173814e-02
        5.92024505e-01 3.36400807e-01 3.57873216e-02 4.08997945e-03
        1.02249486e-03 0. 0. 0. 0. 3.06748459e-03</data></histogram></_>
  <_><id>4</id>
    <height>1.5485167503356934e-01</height>
    <contour2d>
      7.00436294e-01 -6.12032339e-02 7.01561451e-01 -5.86184189e-02
      7.04846501e-01 -4.97850254e-02 7.12106526e-01 -2.80261897e-02
      7.12441504e-01 -2.41172984e-02 7.07228482e-01 4.38737273e-02
      7.06661761e-01 4.64803763e-02 6.93461239e-01 4.97342646e-02
      6.92342758e-01 4.97361086e-02 6.75280154e-01 2.56808233e-02
      6.71858609e-01 2.01494768e-02 6.67436838e-01 1.04517546e-02
      6.62515223e-01 -3.02290707e-03 6.61446214e-01 -7.00060092e-03
      6.63580894e-01 -4.16823998e-02 6.86418295e-01 -5.56016378e-02
      6.99873745e-01 -6.12023063e-02</contour2d>
    <histogram type_id="opencv-matrix">
      <rows>20</rows>
      <cols>1</cols>
      <dt>f</dt>
      <data>
        0. 0. 0. 0. 0. 0. 0. 0. 0. 3.70370364e-03 5.74814796e-01
        3.78518522e-01 1.11111114e-02 1.48148148e-03 0. 2.22222228e-03
        0. 0. 0. 2.81481482e-02</data></histogram></_>
  <_><id>5</id>
    <height>1.5645825862884521e-01</height>
    <contour2d>
      7.33886421e-01 1.99588872e-02 7.27989614e-01 2.27551162e-02
      7.09343016e-01 2.23535318e-02 6.85288727e-01 2.04806924e-02
      6.74906671e-01 1.47470795e-02 6.57664657e-01 8.86113499e-04
      6.55121386e-01 -5.39381243e-03 6.54097080e-01 -9.19418316e-03
      6.49942100e-01 -3.20140384e-02 6.50116563e-01 -3.80418599e-02
      6.50645137e-01 -4.29036804e-02 6.74655795e-01 -4.86626625e-02
      6.75208390e-01 -4.86635715e-02 7.35734463e-01 8.96388199e-04
      7.40067601e-01 9.05449223e-03</contour2d>
    <histogram type_id="opencv-matrix">
      <rows>20</rows>
      <cols>1</cols>
      <dt>f</dt>
      <data>
        0. 0. 0. 0. 0. 0. 0. 1.44196104e-03 2.88392208e-03
        1.73035320e-02 2.17015132e-01 6.80605590e-01 9.37274657e-03
        5.76784415e-03 7.20980531e-03 4.32588300e-03 1.44196104e-03
        7.20980519e-04 0. 5.19105978e-02</data></histogram></_></obj>
</opencv_storage>
