<?xml version="1.0"?>
<opencv_storage>
<obj>
  <_><id>1</id>
    <height>1.1400973796844482e-01</height>
    <contour2d>
      5.81829548e-01 8.30571167e-03 5.76357841e-01 9.59560089e-03
      5.53770661e-01 1.41356373e-02 5.49235344e-01 1.48133077e-02
      5.45967758e-01 1.34143224e-02 5.44394195e-01 5.38683869e-03
      5.41820824e-01 -1.72669180e-02 5.41936815e-01 -3.12091559e-02
      5.42966425e-01 -3.25037725e-02 5.43782473e-01 -3.29828709e-02
      5.47404945e-01 -3.42170186e-02 5.68578124e-01 -3.30352522e-02
      5.77105045e-01 -3.19688357e-02 5.79183221e-01 -2.92713866e-02
      5.83098054e-01 6.97664078e-03</contour2d>
    <histogram type_id="opencv-matrix">
      <rows>20</rows>
      <cols>1</cols>
      <dt>f</dt>
      <data>
        1.82278484e-01 2.96202540e-01 6.96202517e-02 1.39240511e-02
        1.26582279e-03 0. 1.26582279e-03 0. 2.53164559e-03
        3.79746826e-03 1.51898731e-02 2.53164563e-02 3.67088616e-02
        5.94936721e-02 5.31645566e-02 2.65822783e-02 4.17721532e-02
        7.46835470e-02 0. 9.62025300e-02</data></histogram></_>
  <_><id>2</id>
    <height>1.1250966787338257e-01</height>
    <contour2d>
      5.84015489e-01 -3.28750769e-03 5.78930020e-01 3.41070117e-03
      5.60555339e-01 1.78347807e-02 5.54700851e-01 1.80099811e-02
      5.51422954e-01 1.66142005e-02 5.40710390e-01 -2.19378714e-03
      5.37864327e-01 -8.84591509e-03 5.37311673e-01 -1.28299026e-02
      5.39535165e-01 -2.82712169e-02 5.40662885e-01 -2.96935774e-02
      5.47940552e-01 -3.46641354e-02 5.60042858e-01 -3.64591479e-02
      5.64191818e-01 -3.64336707e-02 5.68526864e-01 -3.38539109e-02
      5.81128597e-01 -1.26645910e-02 5.84040523e-01 -7.32516916e-03</contour2d>
    <histogram type_id="opencv-matrix">
      <rows>20</rows>
      <cols>1</cols>
      <dt>f</dt>
      <data>
        1.67643607e-01 2.64947236e-01 8.90972987e-02 1.40679944e-02 0.
        0. 0. 0. 0. 1.17233291e-03 9.37866326e-03 3.16529870e-02
        5.97889796e-02 3.98593172e-02 2.93083228e-02 4.22039852e-02
        4.80656475e-02 8.79249647e-02 0. 1.14888623e-01</data></histogram></_>
  <_><id>3</id>
    <height>1.1367547512054443e-01</height>
    <contour2d>
      5.85362792e-01 -1.67905707e-02 5.86385608e-01 -1.13866096e-02
      5.86335421e-01 -3.29044554e-03 5.75498223e-01 1.67620312e-02
      5.72135568e-01 2.07078103e-02 5.69003463e-01 2.06885785e-02
      5.60835481e-01 1.80092603e-02 5.52169681e-01 1.39862122e-02
      5.42815626e-01 7.28535326e-03 5.40089071e-01 3.17137688e-03
      5.38087606e-01 -2.09335424e-03 5.37927151e-01 -3.45022371e-03
      5.37943482e-01 -6.09338889e-03 5.38280070e-01 -1.00043723e-02
      5.45029640e-01 -3.21070999e-02 5.50529659e-01 -3.37702744e-02
      5.51564157e-01 -3.37639228e-02 5.78665018e-01 -2.20977589e-02</contour2d>
    <histogram type_id="opencv-matrix">
      <rows>20</rows>
      <cols>1</cols>
      <dt>f</dt>
      <data>
        1.46732420e-01 1.44266337e-01 5.91861904e-02 1.23304557e-02
        6.16522785e-03 1.23304559e-03 0. 1.23304559e-03 1.23304559e-03
        0. 1.84956845e-02 4.19235490e-02 7.15166479e-02 9.24784169e-02
        3.45252752e-02 3.57583240e-02 5.42540066e-02 6.41183704e-02 0.
        2.14549929e-01</data></histogram></_>
  <_><id>4</id>
    <height>1.1427801847457886e-01</height>
    <contour2d>
      5.75715125e-01 1.41168060e-02 5.73616147e-01 1.41039183e-02
      5.43550134e-01 1.14585990e-02 5.39058328e-01 7.10323127e-03
      5.36892533e-01 -3.45657580e-03 5.36812067e-01 -7.51855830e-03
      5.38499594e-01 -1.98654700e-02 5.40758491e-01 -3.09166349e-02
      5.41888356e-01 -3.19869407e-02 5.45581102e-01 -3.42106260e-02
      5.49974561e-01 -3.42772529e-02 5.78681588e-01 -2.47825533e-02
      5.79715848e-01 -2.20913067e-02 5.80733359e-01 -1.67151652e-02
      5.80813169e-01 3.42253922e-03</contour2d>
    <histogram type_id="opencv-matrix">
      <rows>20</rows>
      <cols>1</cols>
      <dt>f</dt>
      <data>
        1.00671142e-01 1.66442961e-01 9.39597338e-02 1.07382555e-02
        9.39597376e-03 0. 1.34228193e-03 2.68456386e-03 0.
        4.02684603e-03 9.39597376e-03 4.02684584e-02 6.97986633e-02
        8.59060436e-02 4.16107401e-02 3.08724847e-02 6.44295365e-02
        8.72483253e-02 0. 1.81208059e-01</data></histogram></_>
  <_><id>5</id>
    <height>1.2005770206451416e-01</height>
    <contour2d>
      5.80591917e-01 6.10594591e-03 5.47223151e-01 1.63439903e-02
      5.46195388e-01 1.63376797e-02 5.42506218e-01 5.94338449e-03
      5.37641108e-01 -1.56373195e-02 5.38219929e-01 -2.99676396e-02
      5.42528033e-01 -3.40135545e-02 5.61271846e-01 -3.78841721e-02
      5.62311769e-01 -3.78777869e-02 5.77072024e-01 -3.54819559e-02
      5.84015489e-01 -3.28750769e-03 5.82936883e-01 7.43685872e-04</contour2d>
    <histogram type_id="opencv-matrix">
      <rows>20</rows>
      <cols>1</cols>
      <dt>f</dt>
      <data>
        1.26182973e-01 1.84542596e-01 9.46372226e-02 1.73501577e-02
        3.15457419e-03 0. 0. 3.15457419e-03 0. 0. 7.88643584e-03
        1.41955838e-02 4.88958992e-02 5.20504750e-02 4.10094634e-02
        6.30914867e-02 7.57097825e-02 7.09779188e-02 0. 1.97160885e-01</data></histogram></_>
  <_><id>6</id>
    <height>1.1402881145477295e-01</height>
    <contour2d>
      5.61361790e-01 -4.92925532e-02 5.72722554e-01 -4.20944132e-02
      5.94100237e-01 -2.50880457e-02 5.94066501e-01 -1.96419954e-02
      5.87192833e-01 -5.95989125e-03 5.71587682e-01 8.69334675e-03
      5.58693588e-01 1.38864191e-02 5.53397536e-01 1.50689520e-02
      5.43532610e-01 -8.57802760e-03 5.43556929e-01 -1.25010712e-02
      5.44438839e-01 -1.95935424e-02 5.45255244e-01 -2.21383814e-02
      5.48861265e-01 -3.01160160e-02 5.56911826e-01 -4.61992137e-02
      5.60278296e-01 -4.92992066e-02</contour2d>
    <histogram type_id="opencv-matrix">
      <rows>20</rows>
      <cols>1</cols>
      <dt>f</dt>
      <data>
        1.53667063e-01 1.75785795e-01 7.33410940e-02 2.09545977e-02
        9.31315497e-03 0. 0. 0. 3.49243311e-03 3.49243311e-03
        1.28055885e-02 1.62980221e-02 2.44470313e-02 4.07450534e-02
        4.19091955e-02 4.07450534e-02 6.98486641e-02 5.82072176e-02 0.
        2.54947603e-01</data></histogram></_>
  <_><id>7</id>
    <height>1.1262756586074829e-01</height>
    <contour2d>
      5.86579800e-01 -3.34795304e-02 5.88671446e-01 -3.07646058e-02
      5.88811696e-01 -2.13833749e-02 5.87533057e-01 7.01780897e-03
      5.86256385e-01 8.35028943e-03 5.59893191e-01 1.10223303e-02
      5.58809757e-01 1.10140154e-02 5.53394496e-01 6.74154051e-03
      5.50476313e-01 1.37587986e-03 5.48442841e-01 -3.94015945e-03
      5.45673192e-01 -3.89138050e-02 5.55325210e-01 -3.87067087e-02
      5.59932292e-01 -3.81940491e-02 5.84477723e-01 -3.48451212e-02</contour2d>
    <histogram type_id="opencv-matrix">
      <rows>20</rows>
      <cols>1</cols>
      <dt>f</dt>
      <data>
        1.75438598e-01 1.95321634e-01 6.31578937e-02 1.16959065e-02
        7.01754354e-03 2.33918126e-03 0. 0. 1.16959063e-03 0.
        1.16959065e-02 1.98830403e-02 4.56140339e-02 7.25146160e-02
        5.26315793e-02 5.84795326e-02 4.32748534e-02 6.78362548e-02 0.
        1.71929821e-01</data></histogram></_>
  <_><id>8</id>
    <height>1.1684942245483398e-01</height>
    <contour2d>
      5.91747165e-01 -1.73972622e-02 5.88514745e-01 -1.05363736e-02
      5.85314751e-01 -6.51258510e-03 5.68456233e-01 8.14907998e-03
      5.65318048e-01 9.45713092e-03 5.59930146e-01 9.40181967e-03
      5.57860494e-01 8.05738568e-03 5.36041200e-01 -1.48651795e-02
      5.34542799e-01 -1.89283062e-02 5.34563482e-01 -2.16131229e-02
      5.35634995e-01 -2.42898483e-02 5.47168434e-01 -3.93573083e-02
      5.48716307e-01 -4.06428576e-02 5.53774774e-01 -4.22518589e-02
      5.60158730e-01 -4.36151028e-02 5.72806299e-01 -4.39553186e-02
      5.91757655e-01 -1.87553260e-02</contour2d>
    <histogram type_id="opencv-matrix">
      <rows>20</rows>
      <cols>1</cols>
      <dt>f</dt>
      <data>
