<?xml version="1.0"?>
<opencv_storage>
<obj>
  <_><id>1</id>
    <height>1.2353879213333130e-01</height>
    <contour2d>
      5.03711343e-01 -2.65254639e-02 5.27161300e-01 -1.53662369e-03
      5.27154148e-01 -3.81735736e-04 5.25809646e-01 6.52881805e-03
      5.23323417e-01 1.22567248e-02 5.10060906e-01 3.30767594e-02
      5.06951690e-01 3.29741202e-02 5.01523376e-01 3.06697506e-02
      4.99366909e-01 2.95784716e-02 4.97275591e-01 2.82264482e-02
      4.87141490e-01 1.79102067e-02 4.86181974e-01 1.41373975e-02
      4.84426230e-01 -4.72852169e-03 4.84434038e-01 -5.98761020e-03
      4.97597277e-01 -2.36797687e-02 5.00400662e-01 -2.67953295e-02</contour2d>
    <histogram type_id="opencv-matrix">
      <rows>20</rows>
      <cols>1</cols>
      <dt>f</dt>
      <data>
        2.93255132e-03 7.33137829e-03 1.46627566e-03 7.33137829e-03 0.
        0. 0. 0. 0. 5.86510263e-03 3.37243415e-02 4.94134903e-01
        1.18768327e-01 2.49266867e-02 2.05278583e-02 7.33137829e-03
        2.93255132e-03 2.93255132e-03 0. 2.69794732e-01</data></histogram></_>
  <_><id>2</id>
    <height>1.1866909265518188e-01</height>
    <contour2d>
      5.27769208e-01 5.40013146e-03 5.27761996e-01 6.55671163e-03
      5.26016057e-01 1.34229586e-02 5.23027301e-01 1.91774890e-02
      5.21473646e-01 2.02932395e-02 5.17477334e-01 2.25088708e-02
      4.99509275e-01 3.11575308e-02 4.98548180e-01 3.11516263e-02
      4.94302541e-01 2.82081924e-02 4.90454793e-01 2.44456436e-02
      4.88403529e-01 2.05756407e-02 4.86181974e-01 1.41373975e-02
      4.86197561e-01 1.16262389e-02 4.87886012e-01 1.58661313e-03
      4.88536924e-01 -9.46442480e-04 4.92670417e-01 -1.23570636e-02
      4.98025954e-01 -2.23764572e-02 4.99015599e-01 -2.23703813e-02
      5.01545668e-01 -2.11234521e-02 5.03771424e-01 -1.95320137e-02
      5.24965405e-01 -2.68781092e-03</contour2d>
    <histogram type_id="opencv-matrix">
      <rows>20</rows>
      <cols>1</cols>
      <dt>f</dt>
      <data>
        1.69491523e-03 1.69491523e-03 1.69491523e-03 3.38983047e-03
        3.38983047e-03 0. 0. 0. 0. 5.08474559e-03 3.89830507e-02
        5.77966094e-01 1.27118647e-01 5.76271191e-02 1.86440684e-02
        3.38983047e-03 0. 0. 0. 1.59322038e-01</data></histogram></_>
  <_><id>3</id>
    <height>1.2148779630661011e-01</height>
    <contour2d>
      5.05120635e-01 3.40605192e-02 5.03138602e-01 3.40453051e-02
      4.96349633e-01 2.89985910e-02 4.86655831e-01 1.55304307e-02
      4.86905068e-01 8.34598485e-03 4.87912297e-01 -1.50088640e-03
      4.91734385e-01 -1.67402774e-02 4.94392693e-01 -2.06272546e-02
      5.02998173e-01 -2.03637742e-02 5.27172029e-01 -1.93630252e-03
      5.27805030e-01 3.73280345e-04 5.27968884e-01 1.19288303e-02
      5.21441936e-01 2.10396405e-02</contour2d>
    <histogram type_id="opencv-matrix">
      <rows>20</rows>
      <cols>1</cols>
      <dt>f</dt>
      <data>
        0. 3.51493852e-03 7.02987704e-03 5.27240802e-03 5.27240802e-03
        0. 0. 0. 1.75746926e-03 0. 3.69068533e-02 5.86994708e-01
        1.52899832e-01 3.33919153e-02 1.93321612e-02 7.02987704e-03 0.
        1.75746926e-03 0. 1.38840064e-01</data></histogram></_>
  <_><id>4</id>
    <height>1.1645227670669556e-01</height>
    <contour2d>
      5.24280310e-01 3.06504918e-03 5.24266064e-01 5.36436075e-03
      5.22380710e-01 1.91491134e-02 5.04006803e-01 3.22661102e-02
      4.99905258e-01 3.21608521e-02 4.94735748e-01 2.94403471e-02
      4.91790295e-01 2.56292969e-02 4.88403529e-01 2.05756407e-02
      4.85833973e-01 1.41824270e-02 4.85380590e-01 3.13737779e-04
      4.85966802e-01 -7.25108711e-03 4.86977190e-01 -1.10274060e-02
      4.96370167e-01 -2.35417895e-02 4.97355759e-01 -2.35357378e-02
      5.00864625e-01 -2.22897436e-02 5.19442201e-01 -4.98840213e-03
      5.21222472e-01 -2.68501882e-03</contour2d>
    <histogram type_id="opencv-matrix">
      <rows>20</rows>
      <cols>1</cols>
      <dt>f</dt>
      <data>
        1.76282059e-02 1.28205130e-02 1.60256412e-03 1.60256412e-03 0.
        0. 0. 0. 0. 8.01282097e-03 3.04487180e-02 5.30448735e-01
        1.28205135e-01 2.40384620e-02 8.01282097e-03 4.80769249e-03
        1.92307699e-02 1.44230770e-02 0. 1.98717952e-01</data></histogram></_>
  <_><id>6</id>
    <height>7.2155117988586426e-02</height>
    <contour2d>
      5.01726747e-01 4.01528180e-02 4.99717504e-01 4.01404798e-02
      4.92408633e-01 3.80269140e-02 4.69054312e-01 2.62576770e-02
      4.61840004e-01 1.85117461e-02 4.61847544e-01 1.72943845e-02
      4.93054181e-01 -1.86140481e-02 4.98408467e-01 -1.81396864e-02
      5.01294017e-01 -1.76804829e-02 5.02659678e-01 3.49378474e-02
      5.02074003e-01 4.00035828e-02</contour2d>
    <histogram type_id="opencv-matrix">
      <rows>20</rows>
      <cols>1</cols>
      <dt>f</dt>
      <data>
        4.78468873e-02 1.91387553e-02 4.78468882e-03 1.43540669e-02 0.
        0. 0. 0. 0. 9.56937764e-03 4.78468873e-02 5.26315756e-02
        1.43540669e-02 0. 0. 4.78468882e-03 6.69856444e-02
        1.14832535e-01 0. 6.02870762e-01</data></histogram></_>
  <_><id>7</id>
    <height>1.1637431383132935e-01</height>
    <contour2d>
      4.97533798e-01 3.97403315e-02 4.96186793e-01 3.85546647e-02
      4.86217916e-01 2.42419336e-02 4.84823614e-01 1.79587696e-02
      4.84324783e-01 1.16392374e-02 4.85904276e-01 2.83526909e-03
      4.87917244e-01 -3.45658930e-03 4.89361912e-01 -5.95735060e-03
      4.99446958e-01 -1.95897408e-02 5.05066395e-01 -1.96487401e-02
      5.11111140e-01 -1.39593389e-02 5.22473335e-01 4.20365296e-03
      5.23359060e-01 6.50846865e-03 5.23928523e-01 1.91830229e-02
      5.18339038e-01 2.82452665e-02 5.00417113e-01 3.97580341e-02</contour2d>
    <histogram type_id="opencv-matrix">
      <rows>20</rows>
      <cols>1</cols>
      <dt>f</dt>
      <data>
        6.06060587e-03 3.03030293e-03 3.03030293e-03 4.54545440e-03 0.
        0. 0. 0. 0. 4.54545440e-03 4.24242392e-02 5.04545450e-01
        1.27272725e-01 4.84848469e-02 1.51515147e-03 4.54545440e-03
        1.66666657e-02 6.06060587e-03 0. 2.27272719e-01</data></histogram></_>
  <_><id>8</id>
    <height>1.1917209625244141e-01</height>
    <contour2d>
      5.05479753e-01 -1.96150299e-02 5.26207209e-01 6.54186262e-03
      5.28384089e-01 1.11993654e-02 5.26135623e-01 1.80904754e-02
      5.22337973e-01 2.60470212e-02 5.04817247e-01 4.25747558e-02
      5.01510501e-01 4.26101126e-02 4.88427967e-01 3.07808351e-02
      4.86143082e-01 2.04153284e-02 4.85364974e-01 2.83186557e-03
      4.91919696e-01 -1.22579299e-02 4.92914408e-01 -1.35126458e-02
      4.99439210e-01 -1.83393825e-02 5.02535284e-01 -1.96331106e-02</contour2d>
    <histogram type_id="opencv-matrix">
      <rows>20</rows>
      <cols>1</cols>
      <dt>f</dt>
      <data>
        1.48809527e-03 2.97619053e-03 0. 2.97619053e-03 1.48809527e-03
        0. 0. 0. 0. 1.48809527e-03 5.20833358e-02 5.26785731e-01
        1.02678575e-01 2.38095243e-02 7.44047621e-03 2.97619053e-03
        2.97619053e-03 0. 0. 2.70833343e-01</data></histogram></_>
  <_><id>9</id>
    <height>1.1779147386550903e-01</height>
    <contour2d>
      5.11969447e-01 4.18657698e-02 5.10987997e-01 4.18597423e-02
      4.97883558e-01 3.72335166e-02 4.88124341e-01 1.79162417e-02
      4.87157047e-01 1.53990230e-02 4.86311555e-01 9.13321320e-03
      4.86523509e-01 4.10540542e-03 4.89447743e-01 -1.98069811e-02
      4.96030957e-01 -1.98600665e-02 5.04748821e-01 -1.95260122e-02
      5.22098362e-01 7.59015675e-04 5.29536903e-01 1.23508191e-02
      5.28862000e-01 1.57974195e-02 5.27936459e-01 1.92564409e-02
      5.13174176e-01 4.04626876e-02</contour2d>
    <histogram type_id="opencv-matrix">
      <rows>20</rows>
      <cols>1</cols>
      <dt>f</dt>
      <data>
        1.48148148e-03 0. 1.48148148e-03 0. 0. 0. 0. 0. 0.
        1.48148148e-03 2.07407400e-02 4.94814813e-01 1.17037036e-01
        2.37037037e-02 1.62962954e-02 4.44444455e-03 2.96296296e-03 0.
        0. 3.15555543e-01</data></histogram></_>
  <_><id>10</id>
    <height>1.1896586418151855e-01</height>
