<?xml version="1.0"?>
<opencv_storage>
<obj>
  <_><id>0</id>
    <height>9.3767881393432617e-02</height>
    <contour2d>
      7.48545051e-01 3.24320123e-02 7.41205215e-01 4.64358702e-02
      7.29774773e-01 5.34626208e-02 6.81706011e-01 6.11730553e-02
      6.80187821e-01 5.98717108e-02 6.65713131e-01 4.44741249e-02
      6.62533402e-01 3.94930877e-02 6.58352733e-01 2.67705750e-02
      6.57090187e-01 8.88276193e-03 6.62882090e-01 -5.12173166e-03
      6.70226455e-01 -1.58331767e-02 6.74966037e-01 -2.12836228e-02
      6.82863653e-01 -2.81924102e-02 6.86406434e-01 -2.84130983e-02
      7.24385321e-01 -2.33901683e-02 7.37371445e-01 -1.21213458e-02
      7.46626318e-01 1.00276908e-02</contour2d>
    <histogram type_id="opencv-matrix">
      <rows>20</rows>
      <cols>1</cols>
      <dt>f</dt>
      <data>
        1.02076121e-01 0. 0. 0. 0. 0. 0. 0. 0. 1.14763550e-01 0. 0. 0.
        0. 0. 0. 0. 0. 5.76701248e-04 7.82583594e-01</data></histogram></_>
  <_><id>1</id>
    <height>9.6634387969970703e-02</height>
    <contour2d>
      7.60058641e-01 5.29270358e-02 7.04402685e-01 6.26187697e-02
      7.03798115e-01 6.26196489e-02 6.99716091e-01 6.14742823e-02
      6.85179710e-01 4.90918085e-02 6.83865666e-01 4.77323160e-02
      6.75282001e-01 2.71465275e-02 6.74707592e-01 2.35530790e-02
      6.74552381e-01 1.75042786e-02 6.75491571e-01 1.27474274e-02
      6.76430762e-01 1.03715248e-02 6.80906355e-01 7.95900647e-04
      6.87412441e-01 -1.16540138e-02 6.97093546e-01 -2.27459352e-02
      7.21866727e-01 -2.71307640e-02 7.25951850e-01 -2.72546038e-02
      7.41829634e-01 -2.00107377e-02 7.45334983e-01 -1.74823049e-02
      7.55573750e-01 -7.11685000e-03 7.58457184e-01 -1.81417749e-03
      7.62624562e-01 1.55837629e-02 7.62624621e-01 2.09399518e-02
      7.60698795e-01 4.75851521e-02</contour2d>
    <histogram type_id="opencv-matrix">
      <rows>20</rows>
      <cols>1</cols>
      <dt>f</dt>
      <data>
        7.65654892e-02 0. 0. 0. 0. 0. 0. 0. 0. 1.09652720e-01 0. 0. 0.
        0. 0. 0. 0. 0. 5.46896365e-04 8.13234866e-01</data></histogram></_>
  <_><id>2</id>
    <height>9.4225406646728516e-02</height>
    <contour2d>
      7.60058641e-01 5.15917949e-02 7.01781392e-01 7.34884664e-02
      6.97688341e-01 7.39731714e-02 6.95459664e-01 7.36314505e-02
      6.84474409e-01 6.12086654e-02 6.77005291e-01 4.63135354e-02
      6.75856471e-01 4.27209251e-02 6.74758375e-01 3.82384323e-02
      6.73600376e-01 2.97867898e-02 6.73600376e-01 2.85791699e-02
      6.77579522e-01 9.17175598e-03 6.79461658e-01 5.59518533e-03
      6.88740611e-01 -1.01593630e-02 6.96759343e-01 -1.27153927e-02
      7.26635933e-01 -1.58141945e-02 7.31685936e-01 -1.59101654e-02
      7.48215735e-01 -3.10153607e-03 7.54286230e-01 7.46456580e-03
      7.58457243e-01 1.55191515e-02 7.61982679e-01 3.29923108e-02
      7.61982679e-01 3.56704034e-02 7.60698795e-01 4.89203893e-02</contour2d>
    <histogram type_id="opencv-matrix">
      <rows>20</rows>
      <cols>1</cols>
      <dt>f</dt>
      <data>
        8.16140771e-02 0. 0. 0. 0. 0. 0. 0. 0. 1.48058251e-01 0. 0. 0.
        0. 0. 0. 0. 0. 3.64077673e-03 7.66686916e-01</data></histogram></_>
  <_><id>3</id>
    <height>9.6065759658813477e-02</height>
    <contour2d>
      7.72905409e-01 1.85205881e-02 7.72905409e-01 2.39529684e-02
      7.69379079e-01 3.86174321e-02 7.61982739e-01 5.70951626e-02
      7.59096622e-01 5.95182069e-02 7.52690554e-01 6.29747435e-02
      7.49830902e-01 6.42067790e-02 7.08839893e-01 6.61317259e-02
      7.01264918e-01 6.22395687e-02 6.85390234e-01 4.66012731e-02
      6.81263030e-01 2.50265561e-02 6.82284832e-01 1.89055596e-02
      6.83950484e-01 1.05925864e-02 6.88740611e-01 -6.50793593e-03
      6.90268815e-01 -8.95707589e-03 7.10044086e-01 -2.85076052e-02
      7.10655928e-01 -2.85084974e-02 7.52690256e-01 -1.50176156e-02
      7.54286110e-01 -1.37163810e-02 7.70977557e-01 6.28008600e-03
      7.71626890e-01 8.98770988e-03</contour2d>
    <histogram type_id="opencv-matrix">
      <rows>20</rows>
      <cols>1</cols>
      <dt>f</dt>
      <data>
        8.13139454e-02 0. 0. 0. 0. 0. 0. 0. 0. 1.39741510e-01 0. 0. 0.
        0. 0. 0. 0. 0. 6.46203524e-03 7.72482455e-01</data></histogram></_>
  <_><id>4</id>
    <height>9.5533370971679688e-02</height>
    <contour2d>
      7.80001819e-01 6.34876173e-03 7.80967534e-01 1.18432958e-02
      7.80658484e-01 2.96297036e-02 7.78725207e-01 4.18387242e-02
      7.78070450e-01 4.45711054e-02 7.71627009e-01 5.36791235e-02
      7.64550686e-01 6.26280680e-02 7.56210506e-01 6.72288686e-02
      7.49830902e-01 6.94867671e-02 7.19926953e-01 7.01664910e-02
      7.19272256e-01 6.99565262e-02 7.15024471e-01 6.77506477e-02
      7.02560604e-01 6.00439571e-02 6.95223987e-01 4.49585058e-02
      6.90127373e-01 3.23864669e-02 6.90985739e-01 1.79194696e-02
      6.92022204e-01 1.17641725e-02 7.02549994e-01 -9.13914759e-03
      7.12491453e-01 -1.70254614e-02 7.55573690e-01 -1.50825614e-02
      7.79345214e-01 4.98019578e-03</contour2d>
    <histogram type_id="opencv-matrix">
      <rows>20</rows>
      <cols>1</cols>
      <dt>f</dt>
      <data>
        1.24277458e-01 0. 0. 0. 0. 0. 0. 0. 0. 9.10404623e-02 0. 0. 0.
        0. 0. 0. 0. 0. 2.89017335e-03 7.81791866e-01</data></histogram></_></obj>
</opencv_storage>
