<?xml version="1.0"?>
<opencv_storage>
<obj>
  <_><id>1</id>
    <height>1.2849617004394531e-01</height>
    <contour2d>
      3.96738291e-01 4.74013127e-02 3.97608757e-01 5.07139601e-02
      3.96943301e-01 1.04695387e-01 3.96621674e-01 1.06141336e-01
      3.95997018e-01 1.06982328e-01 3.95372391e-01 1.06982775e-01
      3.91523868e-01 1.02961659e-01 3.87470961e-01 9.07568410e-02
      3.85603994e-01 7.83880278e-02 3.85514259e-01 7.46674910e-02
      3.86388510e-01 6.70970082e-02 3.87787700e-01 6.11349791e-02
      3.91172796e-01 5.27488925e-02 3.94164920e-01 4.78164703e-02
      3.95486414e-01 4.74022105e-02</contour2d>
    <histogram type_id="opencv-matrix">
      <rows>20</rows>
      <cols>1</cols>
      <dt>f</dt>
      <data>
        2.32157975e-01 1.61636114e-01 3.80818062e-02 4.79548657e-03
        1.69252465e-03 0. 0. 5.64174901e-04 0. 0. 0. 5.64174901e-04
        1.12834980e-03 6.77009858e-03 1.66431591e-02 5.07757403e-02
        2.01128349e-01 2.84062058e-01 0. 0.</data></histogram></_>
  <_><id>2</id>
    <height>6.6284298896789551e-02</height>
    <contour2d>
      3.85665745e-01 6.00036494e-02 3.87713909e-01 6.00021817e-02
      3.88396621e-01 6.09203950e-02 3.89383912e-01 7.01130256e-02
      3.88853312e-01 9.77354944e-02 3.88143480e-01 9.77360010e-02
      3.83446395e-01 9.30332839e-02 3.78359348e-01 8.27812701e-02
      3.77068251e-01 7.86995664e-02 3.77068251e-01 7.50942305e-02
      3.78337979e-01 6.84079602e-02 3.81569386e-01 6.36813715e-02
      3.84956509e-01 6.01181127e-02</contour2d>
    <histogram type_id="opencv-matrix">
      <rows>20</rows>
      <cols>1</cols>
      <dt>f</dt>
      <data>
        3.20512831e-01 3.10897440e-01 7.69230798e-02 4.16666679e-02 0.
        0. 0. 0. 0. 0. 0. 0. 0. 0. 9.61538497e-03 1.92307699e-02
        7.69230798e-02 1.34615391e-01 0. 9.61538497e-03</data></histogram></_>
  <_><id>3</id>
    <height>1.2554383277893066e-01</height>
    <contour2d>
      3.88513118e-01 6.59039095e-02 3.89863670e-01 6.60377294e-02
      3.93292010e-01 6.72992766e-02 3.94011468e-01 7.00194612e-02
      3.88164967e-01 1.23722188e-01 3.87536466e-01 1.23722635e-01
      3.86907935e-01 1.22877322e-01 3.83317024e-01 1.16593033e-01
      3.79234463e-01 1.04710698e-01 3.77672970e-01 9.54837054e-02
      3.77052099e-01 8.78823921e-02 3.79352450e-01 8.00297782e-02
      3.85418862e-01 6.68953434e-02 3.86612058e-01 6.59052730e-02</contour2d>
    <histogram type_id="opencv-matrix">
      <rows>20</rows>
      <cols>1</cols>
      <dt>f</dt>
      <data>
        4.57435876e-01 4.49743569e-01 2.05128198e-03 0. 0. 0. 0. 0. 0.
        0. 0. 0. 0. 0. 2.56410247e-04 5.12820494e-04 7.94871803e-03
        8.12820494e-02 0. 7.69230770e-04</data></histogram></_>
  <_><id>4</id>
    <height>1.2940156459808350e-01</height>
    <contour2d>
      3.91018152e-01 7.13407248e-02 3.92040521e-01 7.26151913e-02
      3.92043591e-01 7.35356286e-02 3.91261190e-01 7.79639706e-02
      3.84840697e-01 1.03310205e-01 3.83610159e-01 1.03668004e-01
      3.82915825e-01 1.03670813e-01 3.72543812e-01 9.96012837e-02
      3.71863365e-01 9.85418484e-02 3.68843615e-01 9.26764980e-02
      3.69116813e-01 8.88358653e-02 3.70838672e-01 8.48902315e-02
      3.71443808e-01 8.40698034e-02 3.75969917e-01 8.04188699e-02
      3.81960362e-01 7.60558844e-02 3.88874263e-01 7.14841932e-02</contour2d>
    <histogram type_id="opencv-matrix">
      <rows>20</rows>
      <cols>1</cols>
      <dt>f</dt>
      <data>
        2.68162400e-01 3.64316255e-01 1.06837610e-02 1.06837612e-03 0.
        0. 0. 0. 0. 0. 0. 0. 2.13675224e-03 4.27350448e-03
        8.54700897e-03 2.67094038e-02 1.25000000e-01 1.82692319e-01 0.
        6.41025696e-03</data></histogram></_>
  <_><id>5</id>
    <height>3.5483717918395996e-02</height>
    <contour2d>
      5.22945881e-01 6.00409657e-02 5.25408983e-01 9.17795599e-02
      5.25408983e-01 9.29518119e-02 5.23815870e-01 1.06860861e-01
      4.99812871e-01 1.11988947e-01 3.83247644e-01 1.04152352e-01
      3.73034418e-01 9.61859748e-02 3.69186014e-01 8.97796303e-02
      3.69186014e-01 8.88279304e-02 3.78736526e-01 6.92519397e-02
      3.80285949e-01 6.81573898e-02 3.93550158e-01 6.36800900e-02
      4.68069583e-01 5.20079248e-02 5.04898727e-01 4.86311987e-02
      5.16604066e-01 5.50327003e-02</contour2d>
    <histogram type_id="opencv-matrix">
      <rows>20</rows>
      <cols>1</cols>
      <dt>f</dt>
      <data>
        2.21685857e-01 1.78982556e-01 4.08466421e-02 1.00259939e-02
        2.59933155e-03 3.71333095e-04 0. 0. 0. 0. 7.42666190e-04
        1.11399929e-03 1.11399929e-03 1.18826590e-02 2.74786483e-02
        6.90679550e-02 1.77868560e-01 2.18343854e-01 0. 3.78759764e-02</data></histogram></_>
  <_><id>6</id>
    <height>3.2013654708862305e-02</height>
    <contour2d>
      5.21586716e-01 8.49826261e-02 5.20747840e-01 8.61120671e-02
      5.07038713e-01 9.88983959e-02 5.01642942e-01 1.00513108e-01
      4.79958862e-01 1.06286794e-01 4.69190985e-01 1.08697921e-01
      4.13288325e-01 1.18768886e-01 3.96747679e-01 1.21445984e-01
      3.74719739e-01 1.23736821e-01 3.68691504e-01 1.13982014e-01
      3.54928911e-01 7.50937909e-02 3.62138599e-01 6.30293265e-02
      3.68257850e-01 6.13922141e-02 4.59338039e-01 5.94564714e-02
      5.13236821e-01 5.85240833e-02 5.14558911e-01 6.10844307e-02
      5.18423498e-01 7.00925738e-02</contour2d>
    <histogram type_id="opencv-matrix">
      <rows>20</rows>
      <cols>1</cols>
      <dt>f</dt>
      <data>
        1.91333175e-01 1.95121959e-01 3.48093770e-02 1.08927302e-02
        4.97276802e-03 7.10395456e-04 2.36798485e-04 2.36798485e-04
        2.36798485e-04 4.73596971e-04 2.36798485e-04 7.10395456e-04
        1.89438788e-03 1.06559321e-02 1.94174759e-02 5.37532568e-02
        1.59128577e-01 2.16670617e-01 4.73596971e-04 9.80345756e-02</data></histogram></_>
  <_><id>7</id>
    <height>1.7493027448654175e-01</height>
    <contour2d>
      4.61633086e-01 -4.18055207e-02 4.61340576e-01 3.88670200e-03
      4.59313154e-01 2.82741636e-02 4.58564699e-01 3.05985380e-02
      4.53039497e-01 3.15731019e-02 4.52295512e-01 3.15738060e-02
      4.45957273e-01 1.42201371e-02 4.43814129e-01 7.83033483e-03
      4.41282690e-01 -7.83251133e-04 4.37887073e-01 -1.39243621e-02
      4.44048524e-01 -3.10790762e-02 4.47371364e-01 -3.47163342e-02
      4.59201813e-01 -4.14967798e-02</contour2d>
    <histogram type_id="opencv-matrix">
      <rows>20</rows>
      <cols>1</cols>
      <dt>f</dt>
      <data>
        1.19633175e-01 2.42601082e-01 2.46352643e-01 4.54355963e-02
        1.70904547e-02 5.41892461e-03 1.25052105e-03 3.75156314e-03
        3.33472271e-03 2.08420167e-03 9.58732795e-03 6.25260500e-03
        1.00041684e-02 1.95914954e-02 2.91788243e-02 4.41850759e-02
        9.33722332e-02 9.87911597e-02 2.08420167e-03 0.</data></histogram></_>
  <_><id>8</id>
    <height>1.7565566301345825e-01</height>
    <contour2d>
      4.91463214e-01 1.97036341e-02 4.89908099e-01 2.09120959e-02
      4.78967607e-01 2.26492789e-02 4.78172123e-01 2.26500314e-02
      4.71947849e-01 2.05346197e-02 4.59313452e-01 1.49802687e-02
      4.57863152e-01 1.34792514e-02 4.52265859e-01 5.75581286e-03
      4.45028663e-01 -8.04586057e-03 4.38060820e-01 -2.25247387e-02
      4.37567115e-01 -2.47427318e-02 4.38139766e-01 -2.56924275e-02
      4.48607564e-01 -2.90314592e-02 4.54945207e-01 -3.01213544e-02
      4.55803335e-01 -3.01221646e-02 4.57266450e-01 -2.87175961e-02
      4.91463214e-01 1.48757063e-02</contour2d>
    <histogram type_id="opencv-matrix">
      <rows>20</rows>
      <cols>1</cols>
      <dt>f</dt>
      <data>
        1.13526568e-01 2.76570052e-01 2.54227042e-01 4.04589362e-02
        7.24637695e-03 2.41545890e-03 6.03864726e-04 1.81159424e-03 0.
        0. 3.01932357e-03 7.85024185e-03 9.05797072e-03 2.05314010e-02
        2.35507246e-02 4.46859896e-02 8.15217346e-02 1.06884055e-01
        6.03864715e-03 0.</data></histogram></_>
  <_><id>9</id>
    <height>1.7543238401412964e-01</height>
    <contour2d>
