<?xml version="1.0"?>
<opencv_storage>
<obj>
  <_><id>5</id>
    <height>3.5483717918395996e-02</height>
    <contour2d>
      5.22945881e-01 6.00409657e-02 5.25408983e-01 9.17795599e-02
      5.25408983e-01 9.29518119e-02 5.23815870e-01 1.06860861e-01
      4.99812871e-01 1.11988947e-01 3.83247644e-01 1.04152352e-01
      3.73034418e-01 9.61859748e-02 3.69186014e-01 8.97796303e-02
      3.69186014e-01 8.88279304e-02 3.78736526e-01 6.92519397e-02
      3.80285949e-01 6.81573898e-02 3.93550158e-01 6.36800900e-02
      4.68069583e-01 5.20079248e-02 5.04898727e-01 4.86311987e-02
      5.16604066e-01 5.50327003e-02</contour2d>
    <histogram type_id="opencv-matrix">
      <rows>20</rows>
      <cols>1</cols>
      <dt>f</dt>
      <data>
        2.21685857e-01 1.78982556e-01 4.08466421e-02 1.00259939e-02
        2.59933155e-03 3.71333095e-04 0. 0. 0. 0. 7.42666190e-04
        1.11399929e-03 1.11399929e-03 1.18826590e-02 2.74786483e-02
        6.90679550e-02 1.77868560e-01 2.18343854e-01 0. 3.78759764e-02</data></histogram></_>
  <_><id>6</id>
    <height>3.2013654708862305e-02</height>
    <contour2d>
      5.21586716e-01 8.49826261e-02 5.20747840e-01 8.61120671e-02
      5.07038713e-01 9.88983959e-02 5.01642942e-01 1.00513108e-01
      4.79958862e-01 1.06286794e-01 4.69190985e-01 1.08697921e-01
      4.13288325e-01 1.18768886e-01 3.96747679e-01 1.21445984e-01
      3.74719739e-01 1.23736821e-01 3.68691504e-01 1.13982014e-01
      3.54928911e-01 7.50937909e-02 3.62138599e-01 6.30293265e-02
      3.68257850e-01 6.13922141e-02 4.59338039e-01 5.94564714e-02
      5.13236821e-01 5.85240833e-02 5.14558911e-01 6.10844307e-02
      5.18423498e-01 7.00925738e-02</contour2d>
    <histogram type_id="opencv-matrix">
      <rows>20</rows>
      <cols>1</cols>
      <dt>f</dt>
      <data>
        1.91333175e-01 1.95121959e-01 3.48093770e-02 1.08927302e-02
        4.97276802e-03 7.10395456e-04 2.36798485e-04 2.36798485e-04
        2.36798485e-04 4.73596971e-04 2.36798485e-04 7.10395456e-04
        1.89438788e-03 1.06559321e-02 1.94174759e-02 5.37532568e-02
        1.59128577e-01 2.16670617e-01 4.73596971e-04 9.80345756e-02</data></histogram></_>
  <_><id>7</id>
    <height>1.7493027448654175e-01</height>
    <contour2d>
      4.61633086e-01 -4.18055207e-02 4.61340576e-01 3.88670200e-03
      4.59313154e-01 2.82741636e-02 4.58564699e-01 3.05985380e-02
      4.53039497e-01 3.15731019e-02 4.52295512e-01 3.15738060e-02
      4.45957273e-01 1.42201371e-02 4.43814129e-01 7.83033483e-03
      4.41282690e-01 -7.83251133e-04 4.37887073e-01 -1.39243621e-02
      4.44048524e-01 -3.10790762e-02 4.47371364e-01 -3.47163342e-02
      4.59201813e-01 -4.14967798e-02</contour2d>
    <histogram type_id="opencv-matrix">
      <rows>20</rows>
      <cols>1</cols>
      <dt>f</dt>
      <data>
        1.19633175e-01 2.42601082e-01 2.46352643e-01 4.54355963e-02
        1.70904547e-02 5.41892461e-03 1.25052105e-03 3.75156314e-03
        3.33472271e-03 2.08420167e-03 9.58732795e-03 6.25260500e-03
        1.00041684e-02 1.95914954e-02 2.91788243e-02 4.41850759e-02
        9.33722332e-02 9.87911597e-02 2.08420167e-03 0.</data></histogram></_>
  <_><id>8</id>
    <height>1.7565566301345825e-01</height>
    <contour2d>
      4.91463214e-01 1.97036341e-02 4.89908099e-01 2.09120959e-02
      4.78967607e-01 2.26492789e-02 4.78172123e-01 2.26500314e-02
      4.71947849e-01 2.05346197e-02 4.59313452e-01 1.49802687e-02
      4.57863152e-01 1.34792514e-02 4.52265859e-01 5.75581286e-03
      4.45028663e-01 -8.04586057e-03 4.38060820e-01 -2.25247387e-02
      4.37567115e-01 -2.47427318e-02 4.38139766e-01 -2.56924275e-02
      4.48607564e-01 -2.90314592e-02 4.54945207e-01 -3.01213544e-02
      4.55803335e-01 -3.01221646e-02 4.57266450e-01 -2.87175961e-02
      4.91463214e-01 1.48757063e-02</contour2d>
    <histogram type_id="opencv-matrix">
      <rows>20</rows>
      <cols>1</cols>
      <dt>f</dt>
      <data>
        1.13526568e-01 2.76570052e-01 2.54227042e-01 4.04589362e-02
        7.24637695e-03 2.41545890e-03 6.03864726e-04 1.81159424e-03 0.
        0. 3.01932357e-03 7.85024185e-03 9.05797072e-03 2.05314010e-02
        2.35507246e-02 4.46859896e-02 8.15217346e-02 1.06884055e-01
        6.03864715e-03 0.</data></histogram></_>
  <_><id>9</id>
    <height>1.7543238401412964e-01</height>
    <contour2d>
      4.59183097e-01 -2.48925928e-02 4.60651755e-01 -2.21629236e-02
      4.61767495e-01 -1.95460860e-02 4.62019563e-01 -1.82552710e-02
      4.48769689e-01 2.50035152e-02 4.48380053e-01 2.49319505e-02
      4.46802557e-01 2.37090886e-02 4.33141470e-01 8.32019839e-03
      4.33025867e-01 7.19965016e-03 4.34486985e-01 -1.87408843e-03
      4.34978127e-01 -3.04039940e-03 4.51654792e-01 -2.00771093e-02
      4.58321631e-01 -2.48917788e-02</contour2d>
    <histogram type_id="opencv-matrix">
      <rows>20</rows>
      <cols>1</cols>
      <dt>f</dt>
      <data>
        7.98376128e-02 3.26116353e-01 3.85656267e-01 1.75913386e-02
        2.70635984e-03 0. 0. 0. 1.35317992e-03 1.35317992e-03
        4.05953964e-03 0. 5.41271968e-03 2.43572388e-02 1.08254394e-02
        2.30040587e-02 4.87144776e-02 6.76589981e-02 1.35317992e-03 0.</data></histogram></_>
  <_><id>10</id>
    <height>1.7584896087646484e-01</height>
    <contour2d>
      4.89249408e-01 -2.25069355e-02 4.90685552e-01 -2.13330481e-02
      4.91463125e-01 -2.01268196e-02 4.91463125e-01 -1.77128427e-02
      4.83870983e-01 -5.57622872e-03 4.53542799e-01 3.69631201e-02
      4.49827790e-01 3.74641716e-02 4.49081510e-01 3.28314304e-02
      4.49940115e-01 1.50473975e-02 4.52291429e-01 -8.15843814e-04
      4.54637200e-01 -1.14871720e-02 4.57214862e-01 -1.68246143e-02
      4.61511016e-01 -1.94962062e-02 4.64874804e-01 -2.03551501e-02</contour2d>
    <histogram type_id="opencv-matrix">
      <rows>20</rows>
      <cols>1</cols>
      <dt>f</dt>
      <data>
        6.73996136e-02 6.24282956e-01 2.70554483e-01 9.08221770e-03
        2.86806887e-03 4.78011469e-04 4.78011469e-04 4.78011469e-04 0.
        9.56022937e-04 1.91204587e-03 1.43403444e-03 9.56022937e-04
        1.43403444e-03 1.91204587e-03 4.78011463e-03 5.25812618e-03
        5.73613774e-03 0. 0.</data></histogram></_>
  <_><id>11</id>
    <height>1.7660713195800781e-01</height>
    <contour2d>
      4.66051042e-01 3.67860869e-02 4.65294778e-01 3.67868021e-02
      4.62002188e-01 3.48547027e-02 4.57896680e-01 3.16196568e-02
      4.48882639e-01 9.69778560e-03 4.48036790e-01 1.82106171e-03
      4.47939277e-01 -3.33505869e-03 4.48071539e-01 -1.38803786e-02
      4.48707700e-01 -1.80811193e-02 4.49563563e-01 -2.07389873e-02
      4.52292830e-01 -2.51291152e-02 4.56218898e-01 -3.01218200e-02
      4.59367543e-01 -3.35976630e-02 4.60122734e-01 -3.35983746e-02
      4.60809946e-01 -3.33042406e-02 4.62200165e-01 -3.10275406e-02
      4.62841928e-01 -2.87431907e-02 4.66919482e-01 8.59621353e-03
      4.67783660e-01 2.61397045e-02 4.67563629e-01 3.32626887e-02
      4.66807365e-01 3.56113836e-02</contour2d>
    <histogram type_id="opencv-matrix">
      <rows>20</rows>
      <cols>1</cols>
      <dt>f</dt>
      <data>
        9.15238932e-02 5.66275954e-01 2.94409394e-01 9.91884619e-03
        1.80342654e-03 0. 0. 1.35256990e-03 0. 1.80342654e-03
        1.80342654e-03 9.01713269e-04 4.50856634e-04 9.01713269e-04
        4.50856634e-04 4.50856634e-04 1.08205592e-02 1.71325523e-02 0.
        0.</data></histogram></_>
  <_><id>12</id>
    <height>1.7579585313796997e-01</height>
    <contour2d>
      4.81720567e-01 3.09135485e-02 4.61808503e-01 2.68976595e-02
      4.50020909e-01 1.62392333e-02 4.37567174e-01 -8.74454714e-03
      4.36335057e-01 -1.55536020e-02 4.49298918e-01 -1.96234621e-02
      4.59834099e-01 -2.20772773e-02 4.84639645e-01 1.70917436e-02
      4.85956728e-01 2.07312945e-02 4.87040341e-01 2.44638138e-02</contour2d>
    <histogram type_id="opencv-matrix">
      <rows>20</rows>
      <cols>1</cols>
      <dt>f</dt>
      <data>
