<?xml version="1.0"?>
<opencv_storage>
<obj>
  <_><id>0</id>
    <height>1.1858165264129639e-01</height>
    <contour2d>
      7.50342727e-01 1.25172228e-01 7.38475442e-01 1.35104090e-01
      6.71745539e-01 1.28999338e-01 6.22201264e-01 1.17926404e-01
      6.03557587e-01 1.13150179e-01 5.91227591e-01 1.09395415e-01
      5.84552824e-01 1.07200041e-01 5.77354312e-01 1.03881061e-01
      5.59740245e-01 9.45791751e-02 5.51701605e-01 9.01271999e-02
      5.48574686e-01 8.80603716e-02 5.43125510e-01 8.39775801e-02
      5.41849554e-01 8.21513385e-02 5.38789868e-01 7.23565519e-02
      5.38432956e-01 6.41548932e-02 5.40910184e-01 6.13283478e-02
      5.44460297e-01 5.86042516e-02 5.53942502e-01 5.47272041e-02
      5.77837765e-01 4.75480147e-02 5.92613757e-01 4.50562574e-02
      6.02913976e-01 4.41039316e-02 6.24248207e-01 4.51280735e-02
      6.33576035e-01 4.57511432e-02 6.84378505e-01 5.06258793e-02
      7.32448339e-01 7.31166154e-02 7.36296296e-01 7.98608288e-02
      7.38906860e-01 8.68977085e-02</contour2d>
    <histogram type_id="opencv-matrix">
      <rows>20</rows>
      <cols>1</cols>
      <dt>f</dt>
      <data>
        2.81444579e-01 0. 0. 0. 0. 0. 0. 0. 0. 1.92403480e-01 0. 0. 0.
        0. 0. 0. 0. 0. 2.80821919e-01 2.45330006e-01</data></histogram></_>
  <_><id>1</id>
    <height>1.1818909645080566e-01</height>
    <contour2d>
      7.51294553e-01 1.14090525e-01 7.47145474e-01 1.18155248e-01
      6.84279084e-01 1.18929766e-01 6.18968844e-01 1.05618715e-01
      5.96364617e-01 9.90379751e-02 5.85182607e-01 9.53962654e-02
      5.77398658e-01 9.18030888e-02 5.48565030e-01 7.50299171e-02
      5.43609142e-01 6.50491267e-02 5.44371068e-01 5.69330044e-02
      5.45791447e-01 5.38093597e-02 5.58580220e-01 4.33872640e-02
      5.61514199e-01 4.20149565e-02 5.71768224e-01 3.86883579e-02
      5.94958246e-01 3.58169377e-02 6.06349528e-01 3.47507820e-02
      6.73057497e-01 3.73000689e-02 7.03659952e-01 3.91119868e-02
      7.37981796e-01 5.82767129e-02 7.41840720e-01 6.07271679e-02</contour2d>
    <histogram type_id="opencv-matrix">
      <rows>20</rows>
      <cols>1</cols>
      <dt>f</dt>
      <data>
        1.22956172e-01 0. 0. 0. 0. 0. 0. 0. 0. 4.17920202e-01 0. 0. 0.
        0. 0. 0. 0. 0. 3.05428386e-01 1.53695226e-01</data></histogram></_>
  <_><id>2</id>
    <height>1.2061583995819092e-01</height>
    <contour2d>
      7.43064463e-01 1.04614325e-01 6.80700898e-01 1.06080368e-01
      6.16704345e-01 9.43098515e-02 5.94931304e-01 8.98642391e-02
      5.83291054e-01 8.57034624e-02 5.45243025e-01 6.80973902e-02
      5.42258501e-01 6.60670772e-02 5.40484309e-01 6.28582463e-02
      5.39938331e-01 6.11974411e-02 5.38214624e-01 5.13006151e-02
      5.38174748e-01 4.88228723e-02 5.42049885e-01 3.90506983e-02
      5.43018520e-01 3.75427715e-02 5.46642244e-01 3.29179838e-02
      5.67682803e-01 2.60855500e-02 5.74866533e-01 2.45296676e-02
      5.85353196e-01 2.30483096e-02 6.85993969e-01 2.60388255e-02
      7.13473320e-01 3.75328697e-02 7.25392520e-01 4.43991274e-02
      7.27993608e-01 4.88303192e-02</contour2d>
    <histogram type_id="opencv-matrix">
      <rows>20</rows>
      <cols>1</cols>
      <dt>f</dt>
      <data>
        6.16045855e-02 0. 0. 0. 0. 0. 0. 0. 0. 3.88252169e-01 0. 0. 0.
        0. 0. 0. 0. 0. 3.45272213e-01 2.04871073e-01</data></histogram></_>
  <_><id>3</id>
    <height>1.1851751804351807e-01</height>
    <contour2d>
      7.53462195e-01 9.70211104e-02 7.36187220e-01 1.06211029e-01
      6.61523581e-01 1.03700712e-01 6.03700399e-01 9.28033739e-02
      5.84394157e-01 8.76973271e-02 5.58908701e-01 8.03288370e-02
      5.53249657e-01 7.80500695e-02 5.46179771e-01 7.38259405e-02
      5.42952657e-01 7.17195421e-02 5.35104334e-01 6.41167387e-02
      5.32142580e-01 5.56612872e-02 5.36093652e-01 3.86722870e-02
      5.39977252e-01 3.57737020e-02 5.43410718e-01 3.44491936e-02
      5.67860961e-01 2.96100546e-02 5.84839940e-01 2.83960588e-02
      6.55176461e-01 2.91194096e-02 6.64366245e-01 2.94367112e-02
      7.08252013e-01 3.51046659e-02 7.22792208e-01 4.65200841e-02</contour2d>
    <histogram type_id="opencv-matrix">
      <rows>20</rows>
      <cols>1</cols>
      <dt>f</dt>
      <data>
        1.89939946e-01 0. 0. 0. 0. 0. 0. 0. 0. 2.38738745e-01 0. 0. 0.
        0. 0. 0. 0. 0. 3.97147149e-01 1.74174175e-01</data></histogram></_>
  <_><id>4</id>
    <height>1.1846780776977539e-01</height>
    <contour2d>
      7.37550259e-01 1.08097218e-01 7.35644281e-01 1.10311732e-01
      6.81914330e-01 1.09502904e-01 6.73249781e-01 1.08812556e-01
      5.89873910e-01 9.11216140e-02 5.79314053e-01 8.80352631e-02
      5.52274287e-01 7.37598538e-02 5.49971461e-01 7.17862546e-02
      5.48279285e-01 6.99209124e-02 5.47334015e-01 6.84072003e-02
      5.46883941e-01 6.15737177e-02 5.47222376e-01 4.62659970e-02
      5.48246682e-01 3.95808369e-02 5.50908446e-01 3.81256193e-02
      5.55028737e-01 3.67710106e-02 5.92254579e-01 2.84609180e-02
      5.99905550e-01 2.71364786e-02 6.01100981e-01 2.71031354e-02
      6.88330412e-01 3.02396808e-02 7.23149776e-01 4.00775746e-02
      7.34511316e-01 4.93257307e-02 7.39628434e-01 5.62261157e-02</contour2d>
    <histogram type_id="opencv-matrix">
      <rows>20</rows>
      <cols>1</cols>
      <dt>f</dt>
      <data>
        1.91396520e-01 0. 0. 0. 0. 0. 0. 0. 0. 3.00498754e-01 0. 0. 0.
        0. 0. 0. 0. 0. 3.51620972e-01 1.56483799e-01</data></histogram></_>
  <_><id>5</id>
    <height>1.1620545387268066e-01</height>
    <contour2d>
      7.65309155e-01 1.21009536e-01 7.40984261e-01 1.21816494e-01
      6.93079233e-01 1.20077923e-01 6.15548313e-01 1.05303548e-01
      6.05561018e-01 1.02344170e-01 5.99044442e-01 9.95576307e-02
      5.63057065e-01 8.22189748e-02 5.59311211e-01 8.01410452e-02
      5.46948850e-01 7.22653046e-02 5.46036243e-01 6.86955377e-02
      5.46567082e-01 6.02778979e-02 5.47250807e-01 5.70600145e-02
      5.52534163e-01 5.11420444e-02 5.54889143e-01 4.97733206e-02
      5.60631216e-01 4.69309352e-02 5.73652565e-01 4.32192236e-02
      5.97679019e-01 3.82464044e-02 6.11297846e-01 3.69658284e-02
      6.13308370e-01 3.69774289e-02 6.95506811e-01 4.08767164e-02
      7.27173090e-01 5.09272590e-02 7.36216009e-01 5.81189804e-02
      7.46787250e-01 6.98298439e-02</contour2d>
    <histogram type_id="opencv-matrix">
      <rows>20</rows>
      <cols>1</cols>
      <dt>f</dt>
      <data>
        2.18658894e-01 0. 0. 0. 0. 0. 0. 0. 0. 2.03352779e-01 0. 0. 0.
        0. 0. 0. 0. 0. 3.46938789e-01 2.31049567e-01</data></histogram></_>
  <_><id>6</id>
    <height>1.1778819561004639e-01</height>
    <contour2d>
      7.35538960e-01 1.20999843e-01 7.09103465e-01 1.32409483e-01
      6.49370670e-01 1.27732083e-01 6.30811214e-01 1.23072751e-01
      5.83197534e-01 1.10236071e-01 5.68582892e-01 1.05980843e-01
      5.54841995e-01 1.00880124e-01 5.40928662e-01 9.50162262e-02
      5.35291433e-01 9.24216285e-02 5.31518459e-01 9.02351439e-02
      5.29534042e-01 8.82740542e-02 5.23045659e-01 7.97956735e-02
      5.22259951e-01 6.84962198e-02 5.24589360e-01 6.23477511e-02
      5.26911974e-01 5.84965162e-02 5.27985990e-01 5.70795760e-02
      5.30829012e-01 5.58770746e-02 5.36333978e-01 5.39999716e-02
      5.73356390e-01 4.59951237e-02 5.91859221e-01 4.51480448e-02
      6.35504842e-01 4.78570871e-02 6.59471035e-01 5.10919429e-02
      6.95265353e-01 5.93342893e-02</contour2d>
    <histogram type_id="opencv-matrix">
      <rows>20</rows>
      <cols>1</cols>
      <dt>f</dt>
      <data>
        1.10071942e-01 0. 0. 0. 0. 0. 0. 0. 0. 2.97122300e-01 0. 0. 0.
        0. 0. 0. 0. 0. 3.32374096e-01 2.60431647e-01</data></histogram></_>
  <_><id>7</id>
    <height>1.1668086051940918e-01</height>
    <contour2d>
      7.40724862e-01 1.44141302e-01 7.13591456e-01 1.47553504e-01
      7.03340232e-01 1.47711724e-01 6.54431999e-01 1.46585494e-01
      5.79962969e-01 1.25779390e-01 5.58542073e-01 1.18543573e-01
      5.44886410e-01 1.12927102e-01 5.27277172e-01 1.01789333e-01
