<?xml version="1.0"?>
<opencv_storage>
<obj>
  <_><id>1</id>
    <height>2.2999083995819092e-01</height>
    <contour2d>
      5.72686434e-01 8.54911059e-02 5.51144540e-01 8.97063687e-02
      5.50145447e-01 8.97070616e-02 5.44150889e-01 8.83874074e-02
      5.42323172e-01 8.61127675e-02 5.35351217e-01 7.60316327e-02
      5.30750215e-01 6.35084957e-02 5.29564023e-01 5.27273491e-02
      5.29564023e-01 5.01406826e-02 5.29814363e-01 4.74832691e-02
      5.32492220e-01 3.33253294e-02 5.35420537e-01 2.94433031e-02
      5.45968294e-01 1.66269746e-02 5.48918128e-01 1.53220780e-02
      5.68873584e-01 1.47422077e-02 5.70940733e-01 1.61102992e-02
      5.79974353e-01 7.20253140e-02 5.78916132e-01 7.83842281e-02</contour2d>
    <histogram type_id="opencv-matrix">
      <rows>20</rows>
      <cols>1</cols>
      <dt>f</dt>
      <data>
        7.47818826e-03 7.68591603e-03 3.53136682e-03 1.86954706e-03
        1.03863725e-03 2.07727455e-04 4.15454910e-04 1.24636479e-03
        7.06273364e-03 1.18196920e-01 6.27752364e-01 7.58205205e-02
        5.52555025e-02 3.40673029e-02 3.73909413e-03 1.24636479e-03
        4.15454898e-03 3.73909413e-03 4.54923138e-02 0.</data></histogram></_>
  <_><id>2</id>
    <height>2.3113757371902466e-01</height>
    <contour2d>
      5.67671061e-01 1.20729608e-02 5.69749773e-01 1.20715220e-02
      5.79262853e-01 1.34995198e-02 5.90527415e-01 2.61368062e-02
      5.91479123e-01 2.73971017e-02 5.92430770e-01 3.11792977e-02
      5.91362596e-01 7.66906068e-02 5.79840004e-01 9.29605439e-02
      5.74164987e-01 9.40976068e-02 5.73117018e-01 9.40983295e-02
      5.68094969e-01 9.22023728e-02 5.61036229e-01 8.86625350e-02
      5.53402364e-01 8.24852735e-02 5.52410424e-01 8.11716691e-02
      5.46459019e-01 7.19757900e-02 5.43484151e-01 5.97789399e-02
      5.41966438e-01 4.66985330e-02 5.41993201e-01 4.25627828e-02
      5.47133625e-01 3.20218615e-02 5.52162886e-01 2.33776662e-02
      5.56136191e-01 1.94263458e-02 5.59116244e-01 1.67919006e-02
      5.64763308e-01 1.25922328e-02</contour2d>
    <histogram type_id="opencv-matrix">
      <rows>20</rows>
      <cols>1</cols>
      <dt>f</dt>
      <data>
        1.13016367e-02 8.76851100e-03 5.84567431e-04 1.75370229e-03
        3.89711611e-04 5.84567431e-04 5.84567431e-04 1.16913486e-03
        4.67653945e-03 7.09275156e-02 6.09703839e-01 9.43102092e-02
        9.02182385e-02 6.39127046e-02 8.76851100e-03 3.11769289e-03
        3.89711605e-03 7.79423211e-03 1.75370220e-02 0.</data></histogram></_>
  <_><id>3</id>
    <height>2.3061370849609375e-01</height>
    <contour2d>
      5.79393148e-01 9.04361531e-02 5.75241566e-01 9.04390290e-02
      5.66130877e-01 8.83721858e-02 5.59137225e-01 8.04341808e-02
      5.56139946e-01 7.64648169e-02 5.49683511e-01 6.39944077e-02
      5.48693061e-01 6.13703355e-02 5.48693001e-01 4.56217639e-02
      5.50176203e-01 3.78571339e-02 5.63378811e-01 1.72863025e-02
      5.72205067e-01 1.44872833e-02 5.76317728e-01 1.39227863e-02
      5.76679647e-01 1.39608290e-02 5.99257827e-01 2.89600268e-02
      6.02986693e-01 6.98394328e-02 6.02986693e-01 7.11156279e-02
      6.01181328e-01 7.48329684e-02</contour2d>
    <histogram type_id="opencv-matrix">
      <rows>20</rows>
      <cols>1</cols>
      <dt>f</dt>
      <data>
        5.13452478e-03 5.13452478e-03 1.43766694e-03 1.02690491e-03
        6.16142992e-04 2.05380988e-04 0. 1.02690491e-03 3.90223879e-03
        6.28465787e-02 6.33805752e-01 9.67344418e-02 8.13308731e-02
        6.65434375e-02 1.21174781e-02 4.10761964e-03 5.95604861e-03
        3.28609580e-03 1.47874309e-02 0.</data></histogram></_>
  <_><id>4</id>
    <height>2.3083055019378662e-01</height>
    <contour2d>
      5.77142477e-01 8.86907503e-02 5.68129063e-01 8.83708075e-02
      5.62963963e-01 8.09378698e-02 5.54569066e-01 6.77826926e-02
      5.51169634e-01 5.89154847e-02 5.50297141e-01 4.98175845e-02
      5.52410364e-01 3.38573940e-02 5.53402245e-01 2.99138501e-02
      5.62096238e-01 1.28412684e-02 5.76568544e-01 1.07663460e-02
      5.79708159e-01 1.07641732e-02 5.91399133e-01 1.21944705e-02
      5.95900416e-01 2.49867160e-02 6.02865756e-01 7.12224767e-02</contour2d>
    <histogram type_id="opencv-matrix">
      <rows>20</rows>
      <cols>1</cols>
      <dt>f</dt>
      <data>
        3.64520028e-03 4.45524510e-03 1.41757797e-03 4.05022263e-04
        4.05022263e-04 0. 2.02511132e-04 1.41757797e-03 2.83515593e-03
        5.44754937e-02 6.47833109e-01 1.01255566e-01 7.29040056e-02
        5.95382713e-02 8.91049020e-03 5.06277848e-03 3.64520028e-03
        7.08788959e-03 2.45038476e-02 0.</data></histogram></_>
  <_><id>5</id>
    <height>2.3057800531387329e-01</height>
    <contour2d>
      5.88395715e-01 7.93568268e-02 5.80890834e-01 8.04283917e-02
      5.79840004e-01 8.04291219e-02 5.74483514e-01 7.91443586e-02
      5.66130877e-01 7.51340911e-02 5.60136318e-01 6.71953931e-02
      5.56139886e-01 5.66076823e-02 5.54440498e-01 4.83227745e-02
      5.54058790e-01 4.31477167e-02 5.54141700e-01 3.54281180e-02
      5.59384525e-01 2.34758202e-02 5.67304432e-01 9.59179550e-03
      5.70647299e-01 6.53346302e-03 5.72717369e-01 5.16060088e-03
      5.76857448e-01 5.15773520e-03 5.83595991e-01 5.67790400e-03
      6.00219488e-01 2.00393628e-02 6.03104651e-01 2.38602199e-02
      6.10236943e-01 6.25510067e-02</contour2d>
    <histogram type_id="opencv-matrix">
      <rows>20</rows>
      <cols>1</cols>
      <dt>f</dt>
      <data>
        5.65770874e-03 4.24328167e-03 4.04122053e-04 0. 2.02061026e-04
        0. 0. 6.06183079e-04 2.02061026e-03 5.43544143e-02
        6.37300491e-01 1.13154173e-01 8.20367783e-02 5.94059415e-02
        4.84946463e-03 5.25358692e-03 6.87007513e-03 7.47625809e-03
        1.61648821e-02 0.</data></histogram></_>
  <_><id>6</id>
    <height>2.3071998357772827e-01</height>
    <contour2d>
      5.80143154e-01 5.17861545e-03 5.82685828e-01 6.57324353e-03
      6.03104651e-01 2.00373661e-02 6.03104651e-01 2.76830792e-02
      6.02143049e-01 5.69923073e-02 6.00455761e-01 6.06332794e-02
      5.94825029e-01 7.06942081e-02 5.93032598e-01 7.18553588e-02
      5.75760603e-01 8.02427009e-02 5.73221564e-01 8.04732218e-02
      5.67229867e-01 7.48683214e-02 5.62023759e-01 6.90332875e-02
      5.55140853e-01 5.92559911e-02 5.51418424e-01 3.91152240e-02
      5.51418424e-01 3.51723656e-02 5.59137106e-01 1.95389483e-02
      5.65401316e-01 1.16434833e-02 5.69493651e-01 8.13624263e-03
      5.72127640e-01 6.55168388e-03 5.75760424e-01 5.04272291e-03</contour2d>
    <histogram type_id="opencv-matrix">
      <rows>20</rows>
      <cols>1</cols>
      <dt>f</dt>
      <data>
        4.61847382e-03 3.41365463e-03 6.02409651e-04 2.00803217e-04
        6.02409651e-04 4.01606434e-04 6.02409651e-04 4.01606434e-04
        2.40963860e-03 3.99598405e-02 6.68473899e-01 9.31726918e-02
        8.61445814e-02 6.00401610e-02 9.63855442e-03 4.81927721e-03
        4.41767089e-03 4.21686750e-03 1.58634540e-02 0.</data></histogram></_></obj>
</opencv_storage>
