<?xml version="1.0"?>
<opencv_storage>
<obj>
  <_><id>1</id>
    <height>1.2571817636489868e-01</height>
    <contour2d>
      5.00251889e-01 -1.49237309e-02 4.98793393e-01 -1.36245294e-02
      4.89462167e-01 -7.16046244e-03 4.66663361e-01 -5.75368293e-03
      4.64876235e-01 -5.75944455e-03 4.58929449e-01 -1.10017108e-02
      4.52527165e-01 -2.04577893e-02 4.50746149e-01 -2.40442716e-02
      4.49698657e-01 -2.80647166e-02 4.49364901e-01 -3.86808328e-02
      4.49957371e-01 -4.11844440e-02 4.55623448e-01 -5.58113866e-02
      4.60221469e-01 -6.00462034e-02 4.61955547e-01 -6.13937341e-02
      4.93029267e-01 -5.83556034e-02 4.97778147e-01 -5.07592298e-02
      4.99427259e-01 -4.43611741e-02 4.99868333e-01 -3.93470824e-02</contour2d>
    <histogram type_id="opencv-matrix">
      <rows>20</rows>
      <cols>1</cols>
      <dt>f</dt>
      <data>
        3.23207170e-01 7.27091655e-02 2.29083672e-02 1.49402395e-03
        4.98007983e-04 0. 4.98007983e-04 0. 4.98007983e-04
        1.99203193e-03 1.49402395e-03 9.96015966e-04 4.48207185e-03
        2.98804790e-03 1.49402395e-03 6.47410378e-03 6.52390420e-02
        4.89043832e-01 3.98406386e-03 0.</data></histogram></_>
  <_><id>2</id>
    <height>1.2665313482284546e-01</height>
    <contour2d>
      5.17595887e-01 1.09305950e-02 4.99074757e-01 2.10893564e-02
      4.96580958e-01 2.10917145e-02 4.89313662e-01 1.95626952e-02
      4.77833629e-01 1.68336388e-02 4.72827494e-01 1.35952970e-02
      4.69317615e-01 7.94605259e-03 4.66901004e-01 2.94674304e-03
      4.64484423e-01 -3.30297067e-03 4.64069664e-01 -7.07214233e-03
      4.64490891e-01 -1.37529355e-02 4.65891898e-01 -1.94798261e-02
      4.71243620e-01 -3.56018469e-02 4.72966552e-01 -3.69406939e-02
      4.75515336e-01 -3.79389487e-02 4.77384150e-01 -3.78898494e-02
      5.04257262e-01 -3.30660157e-02 5.12258649e-01 -2.68419739e-02
      5.16508460e-01 -2.17630789e-02 5.18440545e-01 4.37388150e-03
      5.18440545e-01 6.99625770e-03</contour2d>
    <histogram type_id="opencv-matrix">
      <rows>20</rows>
      <cols>1</cols>
      <dt>f</dt>
      <data>
        2.93740779e-01 8.72350931e-02 2.06998531e-02 1.97141455e-03
        4.92853636e-04 0. 0. 4.92853636e-04 0. 0. 4.92853636e-04
        1.47856097e-03 6.89995103e-03 3.44997551e-03 4.92853625e-03
        1.33070480e-02 1.14834897e-01 4.38146889e-01 1.18284877e-02 0.</data></histogram></_>
  <_><id>3</id>
    <height>1.2384468317031860e-01</height>
    <contour2d>
      5.07832944e-01 2.11391132e-02 4.99673426e-01 2.35719830e-02
      4.89081055e-01 2.58285832e-02 4.82707113e-01 2.69156024e-02
      4.80464339e-01 2.68800221e-02 4.71947849e-01 2.55570542e-02
      4.68318045e-01 2.36991048e-02 4.63330477e-01 1.85424536e-02
      4.60671961e-01 4.14503086e-03 4.60776478e-01 -3.32333008e-03
      4.63278592e-01 -9.47786402e-03 4.66557086e-01 -1.62358098e-02
      4.72217202e-01 -2.51366012e-02 4.74840432e-01 -2.80751456e-02
      4.79743570e-01 -2.82207318e-02 4.92981732e-01 -2.37175077e-02
      4.97146517e-01 -2.12921202e-02 5.02984941e-01 -1.75554119e-02
      5.07387280e-01 -1.37577495e-02 5.08218527e-01 -1.24682123e-02
      5.09499848e-01 -9.91404988e-03 5.09499907e-01 5.61173121e-03</contour2d>
    <histogram type_id="opencv-matrix">
      <rows>20</rows>
      <cols>1</cols>
      <dt>f</dt>
      <data>
        3.01048428e-01 6.44033924e-02 1.79730412e-02 3.99400899e-03
        4.99251124e-04 0. 0. 9.98502248e-04 9.98502248e-04 0.
        9.98502248e-04 1.49775343e-03 9.98502248e-04 2.49625556e-03
        5.99101372e-03 1.59760360e-02 7.58861676e-02 4.98751879e-01
        7.48876669e-03 0.</data></histogram></_>
  <_><id>4</id>
    <height>1.2517791986465454e-01</height>
    <contour2d>
      5.09049892e-01 2.36605946e-02 5.02597153e-01 2.87886485e-02
      4.76994038e-01 3.17856781e-02 4.76186275e-01 3.17864418e-02
      4.71731007e-01 3.07942554e-02 4.67441082e-01 2.45110765e-02
      4.63050067e-01 1.55205978e-02 4.61588740e-01 9.28409863e-03
      4.61240351e-01 -1.92364398e-02 4.75969613e-01 -2.54166927e-02
      4.85577017e-01 -2.23191269e-02 4.90716577e-01 -1.98750515e-02
      4.99989063e-01 -1.48646608e-02 5.02087116e-01 -1.36276437e-02
      5.05655885e-01 -1.11178756e-02 5.13542235e-01 -4.77120699e-03
      5.14381409e-01 -2.16699112e-03 5.14381409e-01 8.25302023e-03</contour2d>
    <histogram type_id="opencv-matrix">
      <rows>20</rows>
      <cols>1</cols>
      <dt>f</dt>
      <data>
        3.07542562e-01 4.42822389e-02 1.45985400e-02 2.43309001e-03
        4.86617995e-04 9.73235990e-04 1.45985396e-03 4.86617995e-04
        4.86617995e-04 4.86617995e-04 4.86617995e-04 1.45985396e-03
        5.35279792e-03 5.35279792e-03 3.40632605e-03 1.55717758e-02
        8.22384432e-02 5.06082714e-01 6.81265211e-03 0.</data></histogram></_>
  <_><id>5</id>
    <height>1.2826794385910034e-01</height>
    <contour2d>
      5.14825821e-01 -7.39575503e-03 5.15667140e-01 -4.78464505e-03
      5.17595887e-01 6.99705631e-03 5.16310036e-01 1.22092729e-02
      5.11166990e-01 2.76050437e-02 5.09945571e-01 2.89788973e-02
      5.05724847e-01 3.26961502e-02 5.01522064e-01 3.38049270e-02
      4.77432400e-01 3.58460322e-02 4.73164231e-01 3.31823379e-02
      4.68297482e-01 2.18551997e-02 4.65649992e-01 1.43235326e-02
      4.65476722e-01 9.24025476e-03 4.66095507e-01 5.44828968e-03
      4.71541852e-01 -1.34021854e-02 4.76848990e-01 -1.72273722e-02
      4.79293674e-01 -1.82716027e-02 4.83217269e-01 -1.87138487e-02
      5.08074403e-01 -1.51468096e-02</contour2d>
    <histogram type_id="opencv-matrix">
      <rows>20</rows>
      <cols>1</cols>
      <dt>f</dt>
      <data>
        2.84220517e-01 6.36882111e-02 2.89923958e-02 4.75285156e-03
        9.50570335e-04 0. 0. 0. 0. 4.75285167e-04 9.50570335e-04
        1.90114067e-03 2.37642578e-03 3.80228134e-03 3.32699623e-03
        8.55513290e-03 7.46197701e-02 5.12357414e-01 9.03041847e-03 0.</data></histogram></_>
  <_><id>6</id>
    <height>1.2404954433441162e-01</height>
    <contour2d>
      5.13143241e-01 2.78670918e-02 4.92162943e-01 3.22178341e-02
      4.81501460e-01 3.24065052e-02 4.77989197e-01 2.73347907e-02
      4.72147912e-01 1.80998370e-02 4.69317615e-01 9.19645652e-03
      4.69711185e-01 1.71149662e-03 4.71335649e-01 -5.85496193e-03
      4.73194540e-01 -1.00696394e-02 4.80366439e-01 -2.26907991e-02
      4.86834764e-01 -2.39418019e-02 5.01521945e-01 -2.13811286e-02
      5.11421800e-01 -1.77480374e-02 5.17152429e-01 -1.52534293e-02
      5.19873857e-01 -2.17666593e-03 5.20522296e-01 6.97445776e-03
      5.20522296e-01 1.08975768e-02 5.18191218e-01 2.13324558e-02
      5.16898692e-01 2.38806233e-02</contour2d>
    <histogram type_id="opencv-matrix">
      <rows>20</rows>
      <cols>1</cols>
      <dt>f</dt>
      <data>
        2.99901187e-01 5.92885390e-02 2.22332031e-02 2.96442700e-03
        4.94071166e-04 0. 0. 0. 0. 0. 4.94071166e-04 0. 3.95256933e-03
        5.43478271e-03 3.95256933e-03 8.39920994e-03 7.90513903e-02
        4.96541530e-01 1.72924902e-02 0.</data></histogram></_>
  <_><id>7</id>
    <height>1.2978363037109375e-01</height>
    <contour2d>
      5.19679785e-01 -2.17872323e-03 5.19873857e-01 5.65917697e-03
      5.18191218e-01 2.13324558e-02 5.16898692e-01 2.38806233e-02
      5.15220523e-01 2.64872201e-02 5.13932526e-01 2.77155358e-02
      4.99673456e-01 3.25679183e-02 4.90568191e-01 3.49429362e-02
      4.80458319e-01 3.42423096e-02 4.78418946e-01 3.30845937e-02
      4.70928729e-01 2.29493119e-02 4.69317675e-01 2.04500500e-02
      4.68512118e-01 1.54492166e-02 4.68298495e-01 9.15725250e-03
      4.68712240e-01 5.47035318e-03 4.75969613e-01 -1.85915940e-02
      4.79293674e-01 -1.96122881e-02 4.86490607e-01 -2.00409926e-02
      4.97969955e-01 -1.61801316e-02 5.13143122e-01 -1.00061204e-02
      5.14825821e-01 -8.70175753e-03 5.17994881e-01 -4.79255943e-03</contour2d>
    <histogram type_id="opencv-matrix">
      <rows>20</rows>
      <cols>1</cols>
      <dt>f</dt>
      <data>
