<?xml version="1.0"?>
<opencv_storage>
<obj>
  <_><id>1</id>
    <height>1.9530236721038818e-02</height>
    <contour2d>
      3.84139419e-01 6.29130378e-02 3.73683512e-01 6.58858567e-02
      3.31606567e-01 6.66943938e-02 3.27251136e-01 6.62117526e-02
      3.18067551e-01 6.44750968e-02 3.15844655e-01 6.16387799e-02
      3.15167427e-01 6.00724630e-02 3.11697602e-01 4.13150266e-02
      3.10399055e-01 -3.89537215e-02 3.11506391e-01 -4.03680988e-02
      3.15167189e-01 -4.32504788e-02 3.17384601e-01 -4.46672961e-02
      3.52970064e-01 -4.74562719e-02 3.77168536e-01 -4.83160205e-02
      3.81086171e-01 -4.70536500e-02 3.82977426e-01 -3.79378945e-02
      3.88543487e-01 -8.69374897e-04 3.89716208e-01 3.80520225e-02
      3.88786435e-01 5.54945432e-02</contour2d>
    <histogram type_id="opencv-matrix">
      <rows>20</rows>
      <cols>1</cols>
      <dt>f</dt>
      <data>
        5.58375642e-02 2.89340109e-01 6.24365449e-01 5.07614203e-03 0.
        0. 0. 0. 0. 0. 0. 0. 0. 0. 0. 0. 0. 2.53807101e-02 0. 0.</data></histogram></_>
  <_><id>2</id>
    <height>1.5411198139190674e-02</height>
    <contour2d>
      4.31132436e-01 5.22860652e-03 4.30245638e-01 9.81195830e-03
      4.23046529e-01 2.20704116e-02 4.20646846e-01 2.51354184e-02
      3.96752119e-01 5.00236116e-02 3.85393143e-01 6.03688881e-02
      3.67859125e-01 4.90503833e-02 3.19674492e-01 1.19018555e-02
      3.05760622e-01 -7.81292655e-03 3.07523489e-01 -1.20634176e-02
      3.15844476e-01 -2.49114372e-02 3.32021415e-01 -4.52221520e-02
      3.41660380e-01 -5.43445610e-02 3.50687325e-01 -6.20254576e-02
      3.54111373e-01 -6.20276183e-02 3.92061353e-01 -3.08117215e-02
      4.30049300e-01 2.16713198e-03 4.31255937e-01 3.70679819e-03</contour2d>
    <histogram type_id="opencv-matrix">
      <rows>20</rows>
      <cols>1</cols>
      <dt>f</dt>
      <data>
        8.88888910e-03 6.66666701e-02 8.88888896e-01 3.11111119e-02 0.
        0. 0. 0. 0. 0. 0. 0. 0. 0. 0. 0. 0. 4.44444455e-03 0. 0.</data></histogram></_>
  <_><id>3</id>
    <height>1.7938256263732910e-02</height>
    <contour2d>
      4.49701428e-01 -3.37957442e-02 4.49701428e-01 -2.91015469e-02
      4.48334634e-01 2.09001191e-02 4.47112978e-01 2.40199547e-02
      4.44669783e-01 2.71405634e-02 3.57535660e-01 2.97651626e-02
      3.40934277e-01 2.94896830e-02 3.40527356e-01 2.81147864e-02
      3.38673294e-01 1.65025908e-02 3.37542772e-01 -1.38032585e-02
      3.37542713e-01 -3.97803038e-02 3.38356495e-01 -4.38990146e-02
      3.38673174e-01 -4.41105105e-02 3.95642996e-01 -4.74447720e-02
      4.38186765e-01 -4.72371727e-02 4.43024278e-01 -4.26085591e-02</contour2d>
    <histogram type_id="opencv-matrix">
      <rows>20</rows>
      <cols>1</cols>
      <dt>f</dt>
      <data>
        1.32978717e-02 7.97872320e-02 8.51063803e-02 0. 0. 0. 0. 0. 0.
        0. 0. 0. 0. 0. 0. 0. 0. 5.31914877e-03 0. 8.16489339e-01</data></histogram></_>
  <_><id>4</id>
    <height>2.0663082599639893e-02</height>
    <contour2d>
      4.39702392e-01 -4.40516807e-02 4.40296590e-01 -3.96073051e-02
      4.40109789e-01 -3.67158316e-02 4.17387486e-01 -8.54196027e-03
      3.81815791e-01 3.47353444e-02 3.79854321e-01 3.61343138e-02
      3.74845207e-01 3.62228677e-02 3.62833261e-01 3.39691676e-02
      3.31311524e-01 6.34137029e-03 3.25713575e-01 6.27808273e-04
      3.24593961e-01 -8.00738751e-04 3.22783530e-01 -3.64976353e-03
      3.22092593e-01 -7.90791120e-03 3.22783470e-01 -1.07787782e-02
      3.68647397e-01 -6.87518045e-02 3.83782506e-01 -8.70840698e-02
      3.90423715e-01 -8.72911662e-02 4.23372984e-01 -6.50916025e-02
      4.34558630e-01 -5.49543612e-02</contour2d>
    <histogram type_id="opencv-matrix">
      <rows>20</rows>
      <cols>1</cols>
      <dt>f</dt>
      <data>
        1.15606934e-02 1.96531788e-01 7.68786132e-01 2.31213868e-02 0.
        0. 0. 0. 0. 0. 0. 0. 0. 0. 0. 0. 0. 0. 0. 0.</data></histogram></_>
  <_><id>5</id>
    <height>1.8840193748474121e-02</height>
    <contour2d>
      4.31812048e-01 1.91980861e-02 4.09964681e-01 2.33127307e-02
      3.83053243e-01 2.45255847e-02 3.63260984e-01 2.41060965e-02
      3.60961914e-01 2.26400606e-02 3.58662903e-01 1.97065379e-02
      3.57906699e-01 1.38038052e-02 3.52970064e-01 -5.91127686e-02
      3.52573931e-01 -6.94766641e-02 3.52573872e-01 -7.82399178e-02
      3.56006145e-01 -8.26236904e-02 3.60959470e-01 -8.38878974e-02
      4.14703965e-01 -9.16505903e-02 4.17047024e-01 -9.12745148e-02
      4.24570084e-01 -8.19033310e-02 4.25767243e-01 -7.57909939e-02
      4.28727150e-01 -4.08262648e-02</contour2d>
    <histogram type_id="opencv-matrix">
      <rows>20</rows>
      <cols>1</cols>
      <dt>f</dt>
      <data>
        1.37614673e-02 2.24770635e-01 7.61467874e-01 0. 0. 0. 0. 0. 0.
        0. 0. 0. 0. 0. 0. 0. 0. 0. 0. 0.</data></histogram></_>
  <_><id>6</id>
    <height>2.4253308773040771e-02</height>
    <contour2d>
      4.42863464e-01 -1.49000995e-02 4.36782598e-01 -7.13335956e-03
      4.15333450e-01 1.43500175e-02 3.93234134e-01 3.20617780e-02
      3.92061532e-01 3.20625193e-02 3.89716208e-01 3.05669922e-02
      3.23474288e-01 -4.22490686e-02 3.21666539e-01 -4.49973680e-02
      3.21666539e-01 -5.21263853e-02 3.40207756e-01 -7.13600814e-02
      3.59818101e-01 -8.97154436e-02 3.69422674e-01 -9.55470130e-02
      3.72899830e-01 -9.70288217e-02 3.73640180e-01 -9.65748653e-02
      3.76741648e-01 -9.38517526e-02 3.90072525e-01 -8.00261796e-02
      4.24246252e-01 -4.22633924e-02 4.41508710e-01 -2.10396871e-02
      4.42863464e-01 -1.80052724e-02</contour2d>
    <histogram type_id="opencv-matrix">
      <rows>20</rows>
      <cols>1</cols>
      <dt>f</dt>
      <data>
        1.19047631e-02 1.82539687e-01 7.81746089e-01 1.58730168e-02 0.
        0. 0. 0. 0. 0. 0. 0. 0. 0. 0. 0. 0. 7.93650839e-03 0. 0.</data></histogram></_>
  <_><id>7</id>
    <height>1.8437266349792480e-02</height>
    <contour2d>
      4.34875906e-01 1.91087406e-02 4.32462633e-01 2.21910942e-02
      4.29721355e-01 2.37873774e-02 3.44658673e-01 3.10804378e-02
      3.37542892e-01 3.09350044e-02 3.30899298e-01 2.92815473e-02
      3.27532351e-01 2.35526841e-02 3.26833189e-01 2.06369627e-02
      3.24593961e-01 -9.37642809e-03 3.23206604e-01 -4.20445465e-02
      3.54881704e-01 -4.57822010e-02 3.83782566e-01 -4.84327935e-02
      4.20110941e-01 -5.12191169e-02 4.22499776e-01 -5.12206256e-02
      4.30049181e-01 -4.71263826e-02 4.32139933e-01 -4.56894748e-02
      4.36977506e-01 -1.17268069e-02 4.37872529e-01 5.26790740e-03
      4.35768187e-01 1.60640758e-02</contour2d>
    <histogram type_id="opencv-matrix">
      <rows>20</rows>
      <cols>1</cols>
      <dt>f</dt>
      <data>
        5.88235334e-02 2.05882356e-01 7.05882370e-01 1.47058833e-02 0.
        0. 0. 0. 0. 0. 0. 0. 0. 0. 0. 0. 0. 1.47058833e-02 0. 0.</data></histogram></_>
  <_><id>8</id>
    <height>1.7363131046295166e-02</height>
    <contour2d>
      4.31255996e-01 1.44897411e-02 4.30049300e-01 1.60309318e-02
      4.15333509e-01 1.73996110e-02 3.43981862e-01 2.35998873e-02
      3.37952495e-01 2.36612968e-02 3.29072356e-01 2.34941095e-02
      3.27532291e-01 1.92544181e-02 3.25713575e-01 7.77418958e-03
      3.23900342e-01 -9.35370196e-03 3.22783411e-01 -4.07206751e-02
      3.22783411e-01 -4.35722359e-02 3.23900282e-01 -4.78503965e-02
      3.27250838e-01 -5.07040732e-02 3.29484642e-01 -5.21313250e-02
      3.40934098e-01 -5.27709946e-02 4.18246925e-01 -5.45135066e-02
      4.21846509e-01 -5.45157790e-02 4.26645935e-01 -5.29870987e-02
      4.34236050e-01 -4.88877259e-02 4.36660349e-01 -2.41313148e-02
      4.36977506e-01 2.16825283e-03</contour2d>
    <histogram type_id="opencv-matrix">
      <rows>20</rows>
      <cols>1</cols>
      <dt>f</dt>
      <data>
        3.91448336e-03 1.17434505e-02 1.71635039e-02 4.51671146e-03 0.
        0. 6.02228218e-04 2.40891287e-03 9.93676577e-03 1.27973497e-01
        7.90123403e-01 2.40891278e-02 4.51671146e-03 2.10779882e-03
        6.02228218e-04 0. 3.01114109e-04 0. 0. 0.</data></histogram></_>
