<?xml version="1.0"?>
<opencv_storage>
<obj>
  <_><id>1</id>
    <height>4.9470305442810059e-02</height>
    <contour2d>
      5.01697242e-01 -1.23527102e-01 4.94206190e-01 -1.12766773e-01
      4.65355724e-01 -1.01250716e-01 4.60982293e-01 -1.01038694e-01
      4.55355316e-01 -1.03731029e-01 4.38037574e-01 -1.17131397e-01
      4.31160599e-01 -1.24327846e-01 3.79636317e-01 -1.79516122e-01
      3.79942924e-01 -1.83120385e-01 3.91713619e-01 -2.04329953e-01
      3.99129182e-01 -2.07795694e-01 4.12689477e-01 -2.12260649e-01
      4.13156271e-01 -2.12261185e-01 4.32221383e-01 -2.07004324e-01
      4.91800219e-01 -1.84430063e-01 5.01293719e-01 -1.80366054e-01
      5.02690732e-01 -1.77789077e-01 5.04147887e-01 -1.72909960e-01
      5.07289112e-01 -1.51884243e-01 5.08137047e-01 -1.44289404e-01
      5.08137047e-01 -1.42323494e-01 5.07289171e-01 -1.37166008e-01</contour2d>
    <histogram type_id="opencv-matrix">
      <rows>20</rows>
      <cols>1</cols>
      <dt>f</dt>
      <data>
        0. 4.49360535e-03 5.84168695e-02 9.34497058e-01 2.59246468e-03
        0. 0. 0. 0. 0. 0. 0. 0. 0. 0. 0. 0. 0. 0. 0.</data></histogram></_>
  <_><id>2</id>
    <height>3.5475969314575195e-02</height>
    <contour2d>
      5.37263334e-01 2.59975404e-01 5.28389633e-01 2.80207664e-01
      5.27781665e-01 2.81285107e-01 5.13343453e-01 2.90628284e-01
      3.96929532e-01 2.55657941e-01 3.96002442e-01 2.37043858e-01
      3.96961808e-01 2.33580917e-01 4.04419184e-01 2.13320956e-01
      4.06145036e-01 2.11041197e-01 4.15387750e-01 2.01363578e-01
      4.19692218e-01 1.97251022e-01 4.25411046e-01 1.92945376e-01
      4.30111051e-01 1.89691842e-01 4.41288859e-01 1.83933958e-01
      4.42363620e-01 1.83932707e-01 4.44414347e-01 1.84603497e-01
      4.52872038e-01 1.88333675e-01 5.30010700e-01 2.27078021e-01
      5.32037258e-01 2.28520229e-01 5.32645226e-01 2.29596272e-01
      5.36100209e-01 2.41217569e-01</contour2d>
    <histogram type_id="opencv-matrix">
      <rows>20</rows>
      <cols>1</cols>
      <dt>f</dt>
      <data>
        1.58607349e-01 4.74371374e-01 2.30657652e-01 1.33945853e-01 0.
        0. 0. 0. 0. 0. 0. 0. 0. 0. 0. 0. 0. 2.41779513e-03 0. 0.</data></histogram></_>
  <_><id>3</id>
    <height>3.7711143493652344e-02</height>
    <contour2d>
      4.46622670e-01 1.92846090e-01 4.28316951e-01 2.11256713e-01
      4.27556366e-01 2.11766765e-01 4.06904995e-01 2.20361993e-01
      3.93573850e-01 2.24606797e-01 3.89680535e-01 2.24558145e-01
      3.73058408e-01 2.20221668e-01 3.72120947e-01 2.19392627e-01
      3.70714784e-01 2.16903880e-01 3.56985688e-01 1.89586535e-01
      3.55822057e-01 1.86774820e-01 3.56201142e-01 1.67628303e-01
      3.60251904e-01 1.40521154e-01 3.63328010e-01 1.32613033e-01
      4.31420028e-01 1.46747023e-01 4.47190017e-01 1.57496259e-01
      4.48247105e-01 1.60303220e-01 4.51896608e-01 1.75637618e-01
      4.47153181e-01 1.91905931e-01</contour2d>
    <histogram type_id="opencv-matrix">
      <rows>20</rows>
      <cols>1</cols>
      <dt>f</dt>
      <data>
        5.49199060e-02 1.12128139e-01 1.92219675e-01 5.72082363e-02 0.
        0. 0. 0. 0. 0. 0. 0. 0. 0. 0. 0. 0. 6.86498825e-03 0.
        5.76659024e-01</data></histogram></_>
  <_><id>4</id>
    <height>4.2827606201171875e-02</height>
    <contour2d>
      4.35923070e-01 2.02241689e-01 4.04904902e-01 2.19467551e-01
      3.84362429e-01 2.18535274e-01 3.71183485e-01 2.12752715e-01
      3.68382245e-01 2.07812741e-01 3.58208507e-01 1.86781153e-01
      3.25230509e-01 1.15327075e-01 3.24626088e-01 1.12557463e-01
      3.25483114e-01 1.12556465e-01 4.14646566e-01 1.31318286e-01
      4.32426751e-01 1.42368138e-01 4.44790125e-01 1.50289834e-01
      4.49234247e-01 1.57723531e-01 4.50250477e-01 1.61144674e-01
      4.52631056e-01 1.73765406e-01 4.52631056e-01 1.74713612e-01</contour2d>
    <histogram type_id="opencv-matrix">
      <rows>20</rows>
      <cols>1</cols>
      <dt>f</dt>
      <data>
        2.67175566e-02 2.34732822e-01 1.24045804e-01 1.92748100e-01 0.
        0. 0. 0. 0. 0. 0. 0. 0. 0. 0. 0. 0. 0. 0. 4.21755731e-01</data></histogram></_>
  <_><id>5</id>
    <height>4.4012963771820068e-02</height>
    <contour2d>
      5.91271043e-01 2.19085813e-02 5.76817393e-01 2.71952655e-02
      5.63534915e-01 2.97211204e-02 5.49211979e-01 2.93211471e-02
      5.41526377e-01 2.77034063e-02 5.27613640e-01 2.32638121e-02
      5.25514483e-01 2.20715106e-02 5.14528215e-01 1.36875836e-02
      5.13781965e-01 1.23668443e-02 5.12289524e-01 8.40378180e-03
      5.06079495e-01 -6.97448328e-02 5.06079495e-01 -7.63702244e-02
      5.07200599e-01 -8.45323056e-02 5.19005299e-01 -1.03940323e-01
      5.25883138e-01 -1.07427068e-01 5.75688660e-01 -1.03118084e-01
      5.81582665e-01 -1.02226637e-01 5.93927741e-01 -9.22136605e-02
      5.96112847e-01 -8.95805955e-02 6.02692008e-01 7.66306557e-03
      6.01066172e-01 1.34237381e-02</contour2d>
    <histogram type_id="opencv-matrix">
      <rows>20</rows>
      <cols>1</cols>
      <dt>f</dt>
      <data>
        0. 1.85735509e-04 2.04309057e-02 9.43164945e-01 3.56612168e-02
        5.57206513e-04 0. 0. 0. 0. 0. 0. 0. 0. 0. 0. 0. 0. 0. 0.</data></histogram></_>
  <_><id>6</id>
    <height>4.3359041213989258e-02</height>
    <contour2d>
      6.25836551e-01 -4.22437489e-02 6.10697865e-01 -1.11621870e-02
      6.08487248e-01 -8.23439658e-03 6.00495100e-01 -2.40812870e-03
      5.90140700e-01 4.73210588e-03 5.84998846e-01 6.12701243e-03
      5.72293460e-01 6.08332828e-03 4.98340100e-01 -2.95981690e-02
      4.96506393e-01 -3.36503908e-02 4.94806677e-01 -3.96362841e-02
      4.93947595e-01 -6.75554350e-02 4.93947595e-01 -7.26890415e-02
      4.94282573e-01 -7.69507885e-02 4.97418821e-01 -8.39635357e-02
      5.00349462e-01 -8.93809348e-02 5.12074113e-01 -1.07192047e-01
      5.19418716e-01 -1.11510962e-01 5.25646865e-01 -1.13590002e-01
      5.36393523e-01 -1.13937087e-01 5.42071819e-01 -1.11822814e-01
      6.10124648e-01 -7.78419375e-02 6.14557624e-01 -7.53024444e-02
      6.22065067e-01 -6.99746311e-02 6.25836551e-01 -4.37164120e-02</contour2d>
    <histogram type_id="opencv-matrix">
      <rows>20</rows>
      <cols>1</cols>
      <dt>f</dt>
      <data>
        0. 2.04331838e-04 1.65508781e-02 9.72210884e-01 8.99060071e-03
        4.08663676e-04 0. 0. 0. 0. 0. 0. 0. 0. 0. 0. 0. 2.04331838e-04
        0. 1.43032288e-03</data></histogram></_>
  <_><id>7</id>
    <height>3.9379239082336426e-02</height>
    <contour2d>
      6.13159835e-01 -9.25661027e-02 6.17604673e-01 -7.84048885e-02
      6.18429363e-01 -6.52609915e-02 6.17848516e-01 -5.92785515e-02
      6.15622282e-01 -5.18684164e-02 6.12339258e-01 -4.31430787e-02
      5.69600105e-01 -7.90971890e-03 5.52536845e-01 5.94761176e-03
      5.46907783e-01 8.63549951e-03 5.40544391e-01 9.93664283e-03
      5.36943316e-01 9.91370715e-03 5.21194637e-01 5.86714735e-03
      5.00879884e-01 -1.12505490e-02 4.98886019e-01 -1.38177946e-02
      4.97938126e-01 -1.77596230e-02 4.97202545e-01 -6.33462593e-02
      4.97247607e-01 -6.77871928e-02 5.52314103e-01 -1.16294973e-01
      5.60978651e-01 -1.19950578e-01 5.86364686e-01 -1.17298357e-01
      5.92317581e-01 -1.13598831e-01</contour2d>
    <histogram type_id="opencv-matrix">
      <rows>20</rows>
      <cols>1</cols>
      <dt>f</dt>
      <data>
        0. 6.19067287e-04 2.47626919e-02 9.66157675e-01 8.46058596e-03
        0. 0. 0. 0. 0. 0. 0. 0. 0. 0. 0. 0. 0. 0. 0.</data></histogram></_>
  <_><id>8</id>
    <height>4.4259428977966309e-02</height>
    <contour2d>
      6.02927923e-01 -1.10282749e-02 5.93353093e-01 -3.80558986e-03
      5.73317945e-01 7.46518746e-03 5.62542140e-01 1.01551767e-02
      5.36943316e-01 9.91370715e-03 5.27074933e-01 7.15577509e-03
      5.26319921e-01 5.81941567e-03 4.97728765e-01 -6.68098554e-02
      4.97524172e-01 -6.82846829e-02 4.97202426e-01 -9.46062207e-02
      4.97418791e-01 -9.69537944e-02 4.98152256e-01 -1.00851715e-01
      5.06884754e-01 -1.13750599e-01 5.08367419e-01 -1.15065232e-01
