<?xml version="1.0"?>
<opencv_storage>
<obj>
  <_><id>1</id>
    <height>6.3159227371215820e-02</height>
    <contour2d>
      5.84827900e-01 1.06073275e-01 5.51026881e-01 1.93530530e-01
      5.31681299e-01 1.97579160e-01 5.14630318e-01 1.96639568e-01
      4.94674683e-01 1.90772474e-01 4.79457825e-01 1.78297728e-01
      4.68773305e-01 1.66800648e-01 4.67448354e-01 1.52634650e-01
      4.67613935e-01 1.44298017e-01 5.06769896e-01 7.12926462e-02
      5.57622015e-01 8.09204206e-02 5.84220290e-01 1.05056234e-01</contour2d>
    <histogram type_id="opencv-matrix">
      <rows>20</rows>
      <cols>1</cols>
      <dt>f</dt>
      <data>
        0. 1.96759254e-02 4.51388881e-02 9.34027791e-01 1.15740742e-03
        0. 0. 0. 0. 0. 0. 0. 0. 0. 0. 0. 0. 0. 0. 0.</data></histogram></_>
  <_><id>2</id>
    <height>5.1163315773010254e-02</height>
    <contour2d>
      5.37426412e-01 1.16053469e-01 5.37239075e-01 1.17940232e-01
      5.16318023e-01 1.93365082e-01 5.13847589e-01 1.96263522e-01
      4.81303930e-01 1.76817626e-01 4.70141232e-01 1.66171685e-01
      4.68899429e-01 1.62974790e-01 4.67613995e-01 1.55134812e-01
      4.67321545e-01 1.47322163e-01 4.67945158e-01 1.43463105e-01
      4.68276381e-01 1.42628193e-01 4.69520926e-01 1.40714064e-01
      5.11067629e-01 1.07328959e-01 5.15290856e-01 1.05430223e-01
      5.25639176e-01 1.05390869e-01 5.26976347e-01 1.05587602e-01
      5.29101074e-01 1.06912337e-01 5.30256391e-01 1.08042382e-01</contour2d>
    <histogram type_id="opencv-matrix">
      <rows>20</rows>
      <cols>1</cols>
      <dt>f</dt>
      <data>
        0. 2.99999993e-02 1.09999999e-01 8.59999955e-01 0. 0. 0. 0. 0.
        0. 0. 0. 0. 0. 0. 0. 0. 0. 0. 0.</data></histogram></_>
  <_><id>3</id>
    <height>5.7343125343322754e-02</height>
    <contour2d>
      5.30708849e-01 -2.38282979e-01 5.32844186e-01 -2.34521717e-01
      5.28391302e-01 -2.20758945e-01 5.22064030e-01 -2.02204749e-01
      5.02640128e-01 -1.78496763e-01 4.57511276e-01 -1.53512985e-01
      4.54211682e-01 -1.53845996e-01 4.53587353e-01 -1.54332072e-01
      4.53264385e-01 -1.55956343e-01 4.53264385e-01 -1.56769082e-01
      4.80580837e-01 -1.94403291e-01 5.07042944e-01 -2.27119491e-01
      5.26076436e-01 -2.36495510e-01 5.30340314e-01 -2.38281533e-01</contour2d>
    <histogram type_id="opencv-matrix">
      <rows>20</rows>
      <cols>1</cols>
      <dt>f</dt>
      <data>
        0. 2.08333340e-02 1.45833343e-01 8.33333373e-01 0. 0. 0. 0. 0.
        0. 0. 0. 0. 0. 0. 0. 0. 0. 0. 0.</data></histogram></_>
  <_><id>4</id>
    <height>4.6983480453491211e-02</height>
    <contour2d>
      5.29886544e-01 1.06182121e-01 5.32383561e-01 1.11247919e-01
      5.32383561e-01 1.12182252e-01 5.13306141e-01 1.59934595e-01
      5.10482430e-01 1.62945583e-01 5.07548153e-01 1.64446637e-01
      5.02536714e-01 1.66199684e-01 5.01762033e-01 1.65877417e-01
      5.00453472e-01 1.61979735e-01 4.94497389e-01 1.32243007e-01
      4.94671285e-01 1.29616454e-01 5.03072023e-01 1.12109914e-01
      5.05707741e-01 1.08081982e-01 5.26608586e-01 1.05589047e-01</contour2d>
    <histogram type_id="opencv-matrix">
      <rows>20</rows>
      <cols>1</cols>
      <dt>f</dt>
      <data>
        0. 5.49450576e-01 4.50549453e-01 0. 0. 0. 0. 0. 0. 0. 0. 0. 0.
        0. 0. 0. 0. 0. 0. 0.</data></histogram></_>
  <_><id>5</id>
    <height>2.9784679412841797e-02</height>
    <contour2d>
      4.76238966e-01 1.35675192e-01 4.69520897e-01 1.35691613e-01
      4.67156231e-01 1.31517395e-01 4.38749999e-01 5.92280030e-02
      4.38593775e-01 5.55375256e-02 4.38908428e-01 5.31605370e-02
      4.40637529e-01 5.32741062e-02 4.41738009e-01 5.41855246e-02
      4.59036976e-01 7.36750439e-02 4.62976635e-01 8.17962438e-02
      4.74951088e-01 1.23486608e-01 4.75627333e-01 1.28589749e-01</contour2d>
    <histogram type_id="opencv-matrix">
      <rows>20</rows>
      <cols>1</cols>
      <dt>f</dt>
      <data>
        0. 0. 3.30330357e-02 9.66966987e-01 0. 0. 0. 0. 0. 0. 0. 0. 0.
        0. 0. 0. 0. 0. 0. 0.</data></histogram></_>
  <_><id>6</id>
    <height>1.2943625450134277e-02</height>
    <contour2d>
      5.03425658e-01 1.99247494e-01 5.03778994e-01 2.05470309e-01
      5.03602326e-01 2.09027708e-01 5.02461910e-01 2.13057250e-01
      4.96507436e-01 2.30768174e-01 4.94065285e-01 2.28982732e-01
      4.89271879e-01 2.23241881e-01 4.88313198e-01 2.20195532e-01
      4.88313198e-01 2.19328910e-01 4.88657534e-01 2.17594370e-01
      4.90921974e-01 2.13244885e-01 5.00970125e-01 1.98471084e-01</contour2d>
    <histogram type_id="opencv-matrix">
      <rows>20</rows>
      <cols>1</cols>
      <dt>f</dt>
      <data>
        0. 2.50000000e-01 7.50000000e-01 0. 0. 0. 0. 0. 0. 0. 0. 0. 0.
        0. 0. 0. 0. 0. 0. 0.</data></histogram></_></obj>
</opencv_storage>
