<?xml version="1.0"?>
<opencv_storage>
<obj>
  <_><id>1</id>
    <height>5.1315784454345703e-02</height>
    <contour2d>
      4.21872258e-01 -6.10854141e-02 4.24660742e-01 -5.56334555e-02
      4.22848552e-01 -1.83453914e-02 4.11342263e-01 1.40560985e-01
      4.00324017e-01 1.50114909e-01 3.78334731e-01 1.54592887e-01
      3.77765924e-01 1.54593468e-01 3.62671971e-01 1.51321858e-01
      3.56719792e-01 1.47223681e-01 3.56803089e-01 9.12082791e-02
      3.57288420e-01 8.43974873e-02 3.72413993e-01 -6.40356764e-02
      3.81250978e-01 -6.81514814e-02 3.81828338e-01 -6.81520700e-02
      4.14819747e-01 -6.24688044e-02</contour2d>
    <histogram type_id="opencv-matrix">
      <rows>20</rows>
      <cols>1</cols>
      <dt>f</dt>
      <data>
        1.58016324e-01 4.94301558e-01 3.24195288e-02 2.23317416e-03
        2.31018028e-04 7.70060069e-05 0. 1.54012014e-04 3.08024028e-04
        6.16048055e-04 1.15509005e-03 2.77221622e-03 5.85245667e-03
        9.24072042e-03 9.85676888e-03 1.57092251e-02 4.27383333e-02
        2.21931309e-01 2.31018028e-04 2.15616822e-03</data></histogram></_>
  <_><id>2</id>
    <height>6.9836020469665527e-02</height>
    <contour2d>
      3.75652224e-01 7.99434111e-02 3.75054508e-01 7.99440220e-02
      3.56719583e-01 7.51590058e-02 3.49239260e-01 7.11577982e-02
      3.48693937e-01 7.02726617e-02 3.47648174e-01 6.68169633e-02
      3.47194999e-01 5.82254939e-02 3.47172230e-01 3.66867967e-02
      3.47603083e-01 2.88283788e-02 3.57450813e-01 2.17366014e-02
      3.62420589e-01 2.03229580e-02 3.63006502e-01 2.03223601e-02
      3.65373731e-01 2.32179891e-02 3.75652224e-01 7.89726079e-02</contour2d>
    <histogram type_id="opencv-matrix">
      <rows>20</rows>
      <cols>1</cols>
      <dt>f</dt>
      <data>
        2.72373527e-01 4.58365768e-01 0. 0. 0. 0. 0. 0. 0. 0. 0. 0.
        7.78210117e-04 7.78210117e-04 3.11284047e-03 1.16731515e-02
        3.65758762e-02 2.16342419e-01 0. 0.</data></histogram></_>
  <_><id>3</id>
    <height>2.1366786956787109e-01</height>
    <contour2d>
      4.92443591e-01 6.38748333e-02 4.75746870e-01 7.98858628e-02
      4.61676091e-01 8.44026506e-02 4.61141497e-01 8.44031945e-02
      4.37880218e-01 7.83400163e-02 4.29562509e-01 7.34663457e-02
      4.26065117e-01 6.96644634e-02 4.19414610e-01 5.90034127e-02
      4.19108778e-01 5.72258197e-02 4.18684274e-01 4.86484617e-02
      4.18997526e-01 4.13432866e-02 4.19617683e-01 3.73856276e-02
      4.25451249e-01 2.76942346e-02 4.34539378e-01 1.51158776e-02
      4.39644843e-01 1.18669802e-02 4.41525549e-01 1.10535910e-02
      4.42040920e-01 1.10530658e-02 4.69224483e-01 1.50823649e-02
      4.71174747e-01 1.59899276e-02 4.77711886e-01 2.05831975e-02
      4.80885297e-01 2.33816113e-02 4.89800394e-01 3.54600623e-02
      4.91239578e-01 4.09668572e-02 4.92121667e-01 4.64950576e-02</contour2d>
    <histogram type_id="opencv-matrix">
      <rows>20</rows>
      <cols>1</cols>
      <dt>f</dt>
      <data>
        1.08675152e-01 4.98349816e-01 8.25082476e-04 1.17868927e-04 0.
        0. 0. 0. 0. 0. 0. 4.71475709e-04 1.06082030e-03 1.53229607e-03
        5.77557739e-03 4.14898619e-02 1.30834505e-01 2.10867509e-01 0.
        0.</data></histogram></_>
  <_><id>4</id>
    <height>2.1232283115386963e-01</height>
    <contour2d>
      4.96213585e-01 5.96634448e-02 4.92121726e-01 7.01102465e-02
      4.90357578e-01 7.34612271e-02 4.81533438e-01 8.08255002e-02
      4.76944387e-01 8.19781870e-02 4.66739863e-01 8.42011794e-02
      4.58559334e-01 8.47596899e-02 4.42490399e-01 7.89742246e-02
      4.35985208e-01 7.49884993e-02 4.34116274e-01 7.30713457e-02
      4.26092803e-01 6.19155467e-02 4.25764561e-01 6.09628931e-02
      4.23259348e-01 4.99650128e-02 4.23051953e-01 4.79245819e-02
      4.23087209e-01 4.51645926e-02 4.24116939e-01 3.76193635e-02
      4.27251726e-01 2.99379695e-02 4.31832135e-01 2.16667708e-02
      4.38248605e-01 1.90250631e-02 4.45708722e-01 1.65692307e-02
      4.53238308e-01 1.45202298e-02 4.58820283e-01 1.41863320e-02
      4.60251987e-01 1.42564708e-02 4.78364110e-01 1.88831892e-02
      4.83740091e-01 2.25754660e-02 4.92121637e-01 3.37791927e-02
      4.95892763e-01 4.31068540e-02 4.96776998e-01 4.68497500e-02</contour2d>
    <histogram type_id="opencv-matrix">
      <rows>20</rows>
      <cols>1</cols>
      <dt>f</dt>
      <data>
        2.07170740e-01 4.09136891e-01 1.96617022e-02 5.78285370e-04 0.
        0. 0. 0. 1.44571342e-04 1.44571342e-04 0. 0. 7.22856726e-04
        1.87942747e-03 8.24056659e-03 3.16611230e-02 1.17970213e-01
        2.02689022e-01 0. 0.</data></histogram></_>
  <_><id>7</id>
    <height>1.5157449245452881e-01</height>
    <contour2d>
      4.17568117e-01 8.59737173e-02 4.06639606e-01 8.54719505e-02
      4.04410034e-01 8.42436627e-02 4.00302023e-01 8.02111626e-02
      3.93638551e-01 7.32632503e-02 3.90189290e-01 6.32058010e-02
      3.89455795e-01 6.05290681e-02 3.89854699e-01 5.13754264e-02
      3.90501440e-01 4.77895513e-02 3.94072533e-01 3.60451601e-02
      3.98302346e-01 2.86595020e-02 4.06612158e-01 2.45437659e-02
      4.14835304e-01 2.57304404e-02 4.15460795e-01 2.67457571e-02</contour2d>
    <histogram type_id="opencv-matrix">
      <rows>20</rows>
      <cols>1</cols>
      <dt>f</dt>
      <data>
        8.83002207e-02 7.19370842e-01 5.51876379e-04 0. 0. 0. 0. 0. 0.
        0. 0. 0. 0. 1.10375276e-03 4.96688765e-03 3.11810151e-02
        8.05739537e-02 7.36754984e-02 2.75938190e-04 0.</data></histogram></_>
  <_><id>8</id>
    <height>2.1159613132476807e-01</height>
    <contour2d>
      4.95330453e-01 6.86850399e-02 4.90444183e-01 7.64698908e-02
      4.82636869e-01 8.53049830e-02 4.72697496e-01 8.94549713e-02
      4.60280806e-01 9.37668607e-02 4.57822710e-01 9.35805142e-02
      4.49720234e-01 9.14141312e-02 4.39246476e-01 8.82522166e-02
      4.31845278e-01 8.42387453e-02 4.31323379e-01 8.36662799e-02
      4.22756881e-01 7.03713521e-02 4.21421409e-01 6.77785724e-02
      4.19755578e-01 6.10012226e-02 4.19256240e-01 5.77576384e-02
      4.20588464e-01 4.56894785e-02 4.23087180e-01 3.78028676e-02
      4.25938755e-01 3.21431793e-02 4.47829843e-01 2.01496892e-02
      4.50507164e-01 2.02155374e-02 4.68356282e-01 2.20546667e-02
      4.72045094e-01 2.39460133e-02 4.73458558e-01 2.48749647e-02
      4.80558157e-01 3.04627717e-02 4.82534021e-01 3.23063955e-02
      4.88593280e-01 4.07312326e-02 4.92680877e-01 5.01275919e-02
      4.94447261e-01 6.03486523e-02</contour2d>
    <histogram type_id="opencv-matrix">
      <rows>20</rows>
      <cols>1</cols>
      <dt>f</dt>
      <data>
        1.06083512e-01 5.47051311e-01 7.44445715e-03 0. 0. 0.
        1.16319643e-04 0. 0. 0. 1.16319643e-04 1.16319643e-04
        2.32639286e-04 1.62847503e-03 6.16494101e-03 3.90833989e-02
        1.24345697e-01 1.67616606e-01 0. 0.</data></histogram></_>
  <_><id>9</id>
    <height>2.1150195598602295e-01</height>
    <contour2d>
      4.99111176e-01 5.71327582e-02 4.95892853e-01 6.77709728e-02
      4.92680937e-01 7.37427846e-02 4.90123421e-01 7.72295892e-02
      4.81761187e-01 8.51395950e-02 4.77491826e-01 8.73126462e-02
      4.70419049e-01 8.91039073e-02 4.64799255e-01 9.01499391e-02
      4.51625526e-01 8.81815329e-02 4.47879344e-01 8.71326551e-02
      4.34689254e-01 8.02016258e-02 4.33987886e-01 7.95350000e-02
      4.29287612e-01 7.12685436e-02 4.25101608e-01 5.82500584e-02
      4.23427194e-01 5.14865965e-02 4.23590779e-01 4.68000211e-02
      4.28798854e-01 3.30307335e-02 4.40579385e-01 2.13229712e-02
      4.42464411e-01 2.05182582e-02 4.47682112e-01 1.88179631e-02
      4.54406112e-01 1.79600064e-02 4.56073999e-01 1.79257561e-02
      4.75201398e-01 1.96588393e-02 4.77165550e-01 2.05837544e-02
      4.83188391e-01 2.52643805e-02 4.85170692e-01 2.71079950e-02
      4.89475340e-01 3.17791104e-02 4.93564039e-01 3.93033326e-02
      4.97661233e-01 4.87726219e-02 4.98545557e-01 5.16211540e-02
      4.99111146e-01 5.52953631e-02</contour2d>
    <histogram type_id="opencv-matrix">
      <rows>20</rows>
