<?xml version="1.0"?>
<opencv_storage>
<obj>
  <_><id>1</id>
    <height>7.1449518203735352e-02</height>
    <contour2d>
      3.95664990e-01 2.31928304e-02 3.98987055e-01 3.59135456e-02
      3.98987055e-01 4.01544757e-02 3.97879720e-01 4.86370549e-02
      3.92343044e-01 6.56043142e-02 3.88161480e-01 6.96756691e-02
      3.61387908e-01 7.78932944e-02 3.58143389e-01 7.78953433e-02
      3.48902941e-01 7.44763166e-02 3.40452909e-01 6.96595237e-02
      3.27666938e-01 5.45555651e-02 3.26924324e-01 5.17232306e-02
      3.26609850e-01 4.78092842e-02 3.26609850e-01 4.51104902e-02
      3.29032838e-01 2.88413372e-02 3.30837846e-01 2.08188202e-02
      3.32951903e-01 1.40705369e-02 3.36887300e-01 8.69336165e-03
      3.50369155e-01 3.31825810e-03 3.60149384e-01 1.97208836e-03
      3.77648592e-01 1.98302697e-03 3.90370607e-01 1.60877146e-02</contour2d>
    <histogram type_id="opencv-matrix">
      <rows>20</rows>
      <cols>1</cols>
      <dt>f</dt>
      <data>
        2.63521284e-01 1.70310706e-01 3.68239358e-02 3.45224398e-03 0.
        0. 0. 0. 0. 0. 0. 0. 0. 0. 1.15074799e-03 6.90448796e-03
        5.52359037e-02 1.92174911e-01 0. 2.70425767e-01</data></histogram></_>
  <_><id>2</id>
    <height>7.2592675685882568e-02</height>
    <contour2d>
      3.95665050e-01 4.86384556e-02 3.93450320e-01 5.28808087e-02
      3.91235650e-01 5.57094887e-02 3.83389711e-01 6.21632673e-02
      3.72120798e-01 6.72631562e-02 3.60577285e-01 7.08113834e-02
      3.58419716e-01 7.08127469e-02 3.49295974e-01 6.77197129e-02
      3.41997981e-01 6.32091388e-02 3.32648516e-01 5.46933785e-02
      3.31964076e-01 5.34096844e-02 3.21324766e-01 2.75717787e-02
      3.21324766e-01 2.62223836e-02 3.39806437e-01 -7.92258885e-04
      3.59224677e-01 -6.32497855e-03 3.63813460e-01 -6.31253747e-03
      3.80946159e-01 -8.25493247e-04 3.91938031e-01 1.17965648e-02
      3.94789100e-01 1.74951013e-02 3.95664990e-01 2.03655325e-02
      3.96772385e-01 3.02603617e-02 3.96772385e-01 3.30876410e-02</contour2d>
    <histogram type_id="opencv-matrix">
      <rows>20</rows>
      <cols>1</cols>
      <dt>f</dt>
      <data>
        2.34068632e-01 4.41176482e-02 9.80392192e-03 1.22549024e-03 0.
        0. 0. 0. 0. 0. 0. 0. 0. 2.45098048e-03 6.12745108e-03
        2.81862747e-02 7.59803951e-02 1.76470593e-01 0. 4.21568632e-01</data></histogram></_>
  <_><id>3</id>
    <height>7.1159482002258301e-02</height>
    <contour2d>
      4.13733840e-01 2.49920394e-02 4.13733840e-01 3.21731493e-02
      4.12608862e-01 5.22809774e-02 4.09682989e-01 5.63165173e-02
      4.06548917e-01 5.90326190e-02 3.94557714e-01 6.70165718e-02
      3.82045507e-01 7.07383305e-02 3.74879360e-01 7.03914687e-02
      3.66946161e-01 6.84835464e-02 3.60030055e-01 6.56335652e-02
      3.49005997e-01 5.55287935e-02 3.47631872e-01 5.29162623e-02
      3.41225386e-01 3.72444540e-02 3.42770398e-01 1.96898207e-02
      3.43064368e-01 1.82774309e-02 3.45197439e-01 1.41914552e-02
      3.54262650e-01 3.31131159e-03 3.67767453e-01 -2.20074016e-03
      3.82045329e-01 -3.63265094e-03 3.85342896e-01 -3.63473478e-03
      3.98320377e-01 1.98921119e-03 4.00313139e-01 3.41231283e-03
      4.07665670e-01 1.19804079e-02 4.12828028e-01 2.06332747e-02</contour2d>
    <histogram type_id="opencv-matrix">
      <rows>20</rows>
      <cols>1</cols>
      <dt>f</dt>
      <data>
        2.09815949e-01 9.44785252e-02 1.71779133e-02 4.90797544e-03 0.
        0. 0. 0. 0. 0. 1.22699386e-03 0. 0. 2.45398772e-03
        1.22699384e-02 2.45398767e-02 8.09815973e-02 2.36809820e-01 0.
        3.15337420e-01</data></histogram></_>
  <_><id>4</id>
    <height>2.9398322105407715e-02</height>
    <contour2d>
      4.22210634e-01 -1.12924231e-02 4.23245192e-01 -3.82656907e-03
      4.23245192e-01 5.91498625e-04 4.21886504e-01 4.16788235e-02
      4.18630898e-01 5.36113679e-02 4.17477310e-01 5.65574653e-02
      4.12690401e-01 5.92944473e-02 4.09402072e-01 6.09806627e-02
      3.49499464e-01 5.55983745e-02 3.46185625e-01 5.41902892e-02
      3.44327450e-01 5.12440689e-02 3.41313541e-01 4.51664925e-02
      3.37489188e-01 2.93607563e-02 3.37489188e-01 2.79905219e-02
      3.40513945e-01 3.36037599e-03 3.42736542e-01 -2.18492234e-03
      3.46109807e-01 -7.80079700e-03 3.49499345e-01 -1.06797377e-02
      3.56189430e-01 -1.35533828e-02 3.61873925e-01 -1.50808766e-02
      4.04787540e-01 -1.41237658e-02 4.15506840e-01 -1.27455723e-02</contour2d>
    <histogram type_id="opencv-matrix">
      <rows>20</rows>
      <cols>1</cols>
      <dt>f</dt>
      <data>
        1.60309896e-01 4.23122756e-02 2.38379021e-03 5.95947553e-04 0.
        0. 0. 0. 0. 0. 0. 0. 0. 0. 3.57568543e-03 1.01311086e-02
        3.75446975e-02 3.12276512e-01 0. 4.30870086e-01</data></histogram></_>
  <_><id>5</id>
    <height>3.9089143276214600e-02</height>
    <contour2d>
      3.77510309e-01 6.04767837e-02 3.73856127e-01 6.20562546e-02
      3.08509111e-01 6.77454844e-02 3.06362450e-01 6.63765967e-02
      3.05346489e-01 6.33941069e-02 3.05469513e-01 7.34095462e-03
      3.05735588e-01 6.00928965e-04 3.06362271e-01 -3.50508117e-03
      3.53972077e-01 -6.47506723e-03 3.74848425e-01 -6.61098538e-03
      3.76607656e-01 -5.14521496e-03 3.76914024e-01 -3.70075833e-03
      3.80162179e-01 3.45117860e-02 3.80162179e-01 3.87527421e-02</contour2d>
    <histogram type_id="opencv-matrix">
      <rows>20</rows>
      <cols>1</cols>
      <dt>f</dt>
      <data>
        1.52334154e-01 5.89680597e-02 1.31040132e-02 4.91400482e-03 0.
        0. 0. 0. 0. 0. 0. 0. 0. 0. 4.09500394e-03 1.47420149e-02
        7.53480792e-02 1.88370183e-01 0. 4.88124490e-01</data></histogram></_>
  <_><id>6</id>
    <height>7.4406802654266357e-02</height>
    <contour2d>
      3.92342925e-01 2.31949314e-02 3.91235590e-01 2.74365619e-02
      3.81196797e-01 4.95668836e-02 3.78408313e-01 5.34998663e-02
      3.68031740e-01 6.15535602e-02 3.50799799e-01 6.43998608e-02
      3.49735975e-01 6.44005388e-02 3.42289269e-01 6.16890900e-02
      3.29469264e-01 5.33425175e-02 3.27666938e-01 5.18567748e-02
      3.20146143e-01 4.45896685e-02 3.18489969e-01 3.96153182e-02
      3.15926433e-01 1.65178478e-02 3.15926433e-01 1.51892947e-02
      3.20997953e-01 6.14093849e-03 3.29032779e-01 -6.15249109e-03
      3.47047329e-01 -1.17083481e-02 3.49185824e-01 -1.17097003e-02
      3.63282561e-01 -1.04952408e-02 3.71862054e-01 -7.77944131e-03
      3.73785436e-01 -6.40321383e-03 3.83144498e-01 3.38278548e-03
      3.92342925e-01 2.03676298e-02</contour2d>
    <histogram type_id="opencv-matrix">
      <rows>20</rows>
      <cols>1</cols>
      <dt>f</dt>
      <data>
        2.21542224e-01 1.62790701e-01 3.05997562e-02 0. 0. 0. 0. 0. 0.
        0. 0. 0. 0. 0. 2.44798046e-03 1.95838436e-02 7.83353746e-02
        1.61566705e-01 0. 3.23133409e-01</data></histogram></_></obj>
</opencv_storage>
