<?xml version="1.0"?>
<opencv_storage>
<obj>
  <_><id>1</id>
    <height>1.1855566501617432e-01</height>
    <contour2d>
      5.70391476e-01 9.88421142e-02 5.68157554e-01 9.88436639e-02
      5.63681006e-01 8.28729644e-02 5.62339187e-01 7.51972049e-02
      5.62339187e-01 7.37724453e-02 5.68617821e-01 4.94047478e-02
      5.77093184e-01 4.99974936e-02 5.79698205e-01 5.19430526e-02
      5.88145912e-01 6.52060136e-02 5.91197491e-01 7.31575862e-02
      5.90875328e-01 8.03331435e-02 5.85995436e-01 9.08532068e-02
      5.72362721e-01 9.85853150e-02</contour2d>
    <histogram type_id="opencv-matrix">
      <rows>20</rows>
      <cols>1</cols>
      <dt>f</dt>
      <data>
        1.35172412e-01 2.24827588e-01 1.02068968e-01 2.06896551e-02
        6.89655170e-03 6.89655170e-03 0. 1.37931039e-03 4.13793139e-03
        4.13793139e-03 1.51724145e-02 3.03448290e-02 4.82758619e-02
        6.48275912e-02 5.93103468e-02 3.31034511e-02 5.93103468e-02
        6.48275912e-02 8.55172426e-02 3.31034511e-02</data></histogram></_>
  <_><id>2</id>
    <height>8.3634614944458008e-02</height>
    <contour2d>
      5.70210874e-01 8.96795765e-02 5.64489782e-01 8.51690471e-02
      5.60188651e-01 7.09244087e-02 5.57764351e-01 6.19579814e-02
      5.57764351e-01 5.91275021e-02 5.71508288e-01 4.55613583e-02
      5.74063063e-01 4.44802865e-02 5.80563962e-01 4.43613045e-02
      5.87511957e-01 4.86281998e-02 5.88959754e-01 6.86388388e-02
      5.89617670e-01 8.53804275e-02 5.82769573e-01 8.80059153e-02
      5.72367191e-01 8.96780863e-02</contour2d>
    <histogram type_id="opencv-matrix">
      <rows>20</rows>
      <cols>1</cols>
      <dt>f</dt>
      <data>
        9.86394510e-02 1.63265303e-01 9.01360512e-02 3.91156450e-02
        1.53061226e-02 1.70068024e-03 3.40136047e-03 3.40136047e-03
        3.40136047e-03 1.70068024e-03 3.57142836e-02 7.48299286e-02
        6.29251674e-02 6.12244904e-02 4.25170064e-02 3.91156450e-02
        5.78231290e-02 5.10204062e-02 1.19047619e-01 3.57142836e-02</data></histogram></_>
  <_><id>3</id>
    <height>1.1849963665008545e-01</height>
    <contour2d>
      5.80991268e-01 4.57527153e-02 5.90054035e-01 4.75012213e-02
      5.96256375e-01 5.06630428e-02 5.97356081e-01 5.21194190e-02
      5.97356081e-01 5.35765663e-02 5.93296885e-01 8.73878971e-02
      5.85697532e-01 9.78486836e-02 5.78043044e-01 9.71202925e-02
      5.75547814e-01 9.53389630e-02 5.66863179e-01 8.46424848e-02
      5.64820051e-01 7.68261701e-02 5.64489722e-01 6.66471496e-02
      5.66976368e-01 6.11103922e-02 5.75557351e-01 5.00764772e-02
      5.79904497e-01 4.57534678e-02</contour2d>
    <histogram type_id="opencv-matrix">
      <rows>20</rows>
      <cols>1</cols>
      <dt>f</dt>
      <data>
        8.95522386e-02 1.39303476e-01 9.20398012e-02 3.73134315e-02
        1.24378111e-02 4.97512426e-03 9.95024852e-03 1.49253728e-02
        2.48756213e-03 0. 2.73631830e-02 4.97512445e-02 5.97014911e-02
        6.96517378e-02 3.23383063e-02 1.49253728e-02 4.47761193e-02
        4.22885567e-02 2.13930339e-01 4.22885567e-02</data></histogram></_>
  <_><id>4</id>
    <height>5.5411875247955322e-02</height>
    <contour2d>
      5.94796240e-01 9.99438316e-02 5.90408862e-01 9.99468714e-02
      5.74732304e-01 9.52595770e-02 5.68637848e-01 8.74538720e-02
      5.65933228e-01 7.08250999e-02 5.68054497e-01 6.82524964e-02
      5.81358016e-01 5.57580777e-02 5.86050689e-01 5.32315150e-02
      5.89311898e-01 5.19876443e-02 5.90054095e-01 5.18497936e-02
      5.97356081e-01 5.21194190e-02 6.01024330e-01 5.51761240e-02
      6.01477385e-01 7.39436522e-02 6.01477385e-01 8.39436427e-02</contour2d>
    <histogram type_id="opencv-matrix">
      <rows>20</rows>
      <cols>1</cols>
      <dt>f</dt>
      <data>
        8.65979418e-02 1.50515467e-01 6.80412427e-02 2.47422680e-02
        1.03092790e-02 6.18556701e-03 0. 2.06185575e-03 0.
        2.06185575e-03 3.50515470e-02 7.62886629e-02 1.07216500e-01
        8.65979418e-02 3.71134020e-02 4.12371159e-02 3.71134020e-02
        3.09278369e-02 1.89690724e-01 8.24742299e-03</data></histogram></_>
  <_><id>5</id>
    <height>1.1822301149368286e-01</height>
    <contour2d>
      6.03966892e-01 1.04983695e-01 6.02862835e-01 1.04984455e-01
      5.76661885e-01 9.79437530e-02 5.75842083e-01 9.67292786e-02
      5.71210325e-01 8.31994712e-02 5.71258247e-01 7.85648599e-02
      5.71590006e-01 7.58981705e-02 5.74470639e-01 6.59172237e-02
      5.78972399e-01 5.51913865e-02 5.81886113e-01 5.23361415e-02
      5.84094167e-01 5.08717522e-02 5.85198224e-01 5.08709885e-02
      5.90546489e-01 5.49400002e-02 5.97074687e-01 7.22264051e-02
      6.03570998e-01 9.84844342e-02</contour2d>
    <histogram type_id="opencv-matrix">
      <rows>20</rows>
      <cols>1</cols>
      <dt>f</dt>
      <data>
        1.28654972e-01 2.30019495e-01 7.79727101e-02 2.33918130e-02
        5.84795326e-03 1.94931775e-03 0. 3.89863551e-03 0.
        1.94931775e-03 2.33918130e-02 5.26315793e-02 5.06822616e-02
        7.21247569e-02 5.65302148e-02 5.06822616e-02 5.26315793e-02
        4.87329438e-02 8.38206634e-02 3.50877196e-02</data></histogram></_>
  <_><id>6</id>
    <height>1.1264806985855103e-01</height>
    <contour2d>
      6.06153846e-01 5.64847589e-02 6.06153846e-01 5.79419024e-02
      6.01477385e-01 7.82293677e-02 5.98723590e-01 8.59460533e-02
      5.94032764e-01 9.03836787e-02 5.90408862e-01 9.26802084e-02
      5.85678279e-01 9.53385234e-02 5.84584355e-01 9.53392833e-02
      5.71809053e-01 8.77884999e-02 5.71809053e-01 8.48018304e-02
      5.72621584e-01 7.62006044e-02 5.77904522e-01 5.89590073e-02
      5.83079278e-01 4.74607088e-02 5.88433087e-01 4.73349020e-02
      5.99183500e-01 5.19808121e-02</contour2d>
    <histogram type_id="opencv-matrix">
      <rows>20</rows>
      <cols>1</cols>
      <dt>f</dt>
      <data>
        1.17785633e-01 2.90930510e-01 1.37809187e-01 2.70906966e-02
        5.88928163e-03 0. 2.35571270e-03 2.35571270e-03 3.53356916e-03
        8.24499410e-03 2.00235583e-02 2.59128399e-02 4.00471166e-02
        6.00706749e-02 2.82685533e-02 1.53121324e-02 2.82685533e-02
        5.30035347e-02 1.04829215e-01 2.82685533e-02</data></histogram></_></obj>
</opencv_storage>
