<?xml version="1.0"?>
<opencv_storage>
<Debug>1</Debug>
<noBins>20</noBins>
<noExperiences>1020</noExperiences>
<frontLeftBot>
  5.0000000000000000e-01 -2.9999999999999999e-01 2.9999999999999999e-01
  0.</frontLeftBot>
<backRightTop>
  2. 2.9999999999999999e-01 2. 0.</backRightTop>
<overPercWidth>8.0000000000000002e-01</overPercWidth>
<overPercHeight>8.0000000000000002e-01</overPercHeight>
<overNoRectsWidth>4</overNoRectsWidth>
<overNoRectsHeight>3</overNoRectsHeight>
<scaleFactorIncrement>0.120000000000001e-01</scaleFactorIncrement>
<scaleFactorDecrement>0.100000000000001e-01</scaleFactorDecrement>
<scaleSteps>4</scaleSteps>
<scaleMax>
  450 550</scaleMax>
<scaleMin>
  50 100</scaleMin>
<matchThreshold>9.4000000000000002e-01</matchThreshold>
</opencv_storage>
