<?xml version="1.0"?>
<opencv_storage>
<Debug>1</Debug>
<noBins>18</noBins>
<noExperiences>120</noExperiences>
<frontLeftBot>
  5.0000000000000000e-01 -2.9999999999999999e-01 2.9999999999999999e-01
  0.</frontLeftBot>
<backRightTop>
  2. 2.9999999999999999e-01 2. 0.</backRightTop>
<overPercWidth>6.0000000000000002e-01</overPercWidth>
<overPercHeight>6.0000000000000002e-01</overPercHeight>
<overNoRectsWidth>4</overNoRectsWidth>
<overNoRectsHeight>4</overNoRectsHeight>
<scaleFactorIncrement>0.150000000000001e-01</scaleFactorIncrement>
<scaleFactorDecrement>0.1500000000000001e-01</scaleFactorDecrement>
<scaleSteps>4</scaleSteps>
<scaleMax>
  300 450</scaleMax>
<scaleMin>
  100 200</scaleMin>
<matchThreshold>9.0000000000000002e-01</matchThreshold>
</opencv_storage>
