<?xml version="1.0"?>
<opencv_storage>
<Debug>1</Debug>
<noBins>18</noBins>
<frontLeftBot>
  5.0000000000000000e-01 -2.9999999999999999e-01 2.9999999999999999e-01
  0.</frontLeftBot>
<backRightTop>
  2. 2.9999999999999999e-01 2. 0.</backRightTop>
<overPercWidth>7.5000000000000004e-01</overPercWidth>
<overPercHeight>7.5000000000000004e-01</overPercHeight>
<overNoRectsWidth>4</overNoRectsWidth>
<overNoRectsHeight>4</overNoRectsHeight>
<scaleFactor>2.000000000000000e-01</scaleFactor>
<scaleSteps>3</scaleSteps>
<scaleMax>
  640 480</scaleMax>
<scaleMin>
  64 128</scaleMin>
<matchThreshold>8.4999999999999998e-01</matchThreshold>
</opencv_storage>
