<?xml version="1.0"?>
<opencv_storage>
<obj>
  <_><id>0</id>
    <height>2.1159088611602783e-01</height>
    <contour2d>
      8.31198275e-01 -3.22109818e-01 8.32769513e-01 -3.18470031e-01
      8.33906233e-01 -3.14629376e-01 8.35399866e-01 -3.06589752e-01
      8.48153293e-01 -2.23962501e-01 8.72541547e-01 -6.13855682e-02
      8.76104534e-01 -3.66592184e-02 8.82272124e-01 2.17256714e-02
      8.77223134e-01 7.92884678e-02 8.74164462e-01 1.08105175e-01
      8.43448937e-01 3.84941310e-01 8.40339422e-01 4.11756575e-01
      8.36518168e-01 4.27056938e-01 8.34279895e-01 4.30117249e-01
      8.06909680e-01 4.43616509e-01 7.94236481e-01 4.39923286e-01
      5.42454243e-01 3.39723006e-02 5.41813374e-01 3.23537663e-02
      5.41892290e-01 3.07882093e-02 5.42888880e-01 2.77062692e-02</contour2d>
    <histogram type_id="opencv-matrix">
      <rows>20</rows>
      <cols>1</cols>
      <dt>f</dt>
      <data>
        8.46868038e-01 0. 0. 0. 0. 0. 0. 0. 0. 4.22387868e-02 0. 0. 0.
        0. 0. 0. 0. 0. 6.87851459e-02 4.21080142e-02</data></histogram></_></obj>
</opencv_storage>
