<?xml version="1.0"?>
<opencv_storage>
<obj>
  <_><id>1</id>
    <height>1.2257081270217896e-01</height>
    <contour2d>
      5.90175629e-01 4.75394093e-02 5.74212968e-01 5.62225059e-02
      5.56660235e-01 6.03239872e-02 5.44484138e-01 5.60630150e-02
      5.27180433e-01 4.21827249e-02 5.21809101e-01 3.77197638e-02
      5.20806491e-01 3.64413671e-02 5.14414132e-01 1.82446558e-02
      5.18924534e-01 -6.94431365e-03 5.21822751e-01 -8.30589049e-03
      5.30507803e-01 -1.14137530e-02 5.66011071e-01 -1.93428528e-02
      5.68088472e-01 -1.93460342e-02 5.74540198e-01 -1.54082412e-02
      5.81654072e-01 -1.01272613e-02 5.89038014e-01 -3.46930348e-03
      5.91150522e-01 1.91115506e-03 5.94321251e-01 1.13277119e-02
      5.94562709e-01 1.54069774e-02 5.94814718e-01 3.03299483e-02</contour2d>
    <histogram type_id="opencv-matrix">
      <rows>20</rows>
      <cols>1</cols>
      <dt>f</dt>
      <data>
        1.92678231e-03 4.49582562e-03 2.56904308e-03 7.70712923e-03
        5.78034669e-03 2.56904308e-03 7.06486870e-03 1.79833025e-02
        2.82594748e-02 1.54142588e-01 4.09762383e-01 2.24149004e-01
        4.11046892e-02 1.99100841e-02 6.42260769e-03 6.42260769e-03
        5.78034669e-03 2.56904308e-03 3.85356462e-03 4.75272983e-02</data></histogram></_>
  <_><id>2</id>
    <height>1.2008029222488403e-01</height>
    <contour2d>
      4.40539658e-01 -1.67118087e-02 4.42390084e-01 -1.52661381e-02
      4.50633526e-01 -7.08402740e-03 4.54356909e-01 -2.31863046e-03
      4.58736122e-01 8.44032690e-03 4.60605800e-01 1.44231487e-02
      4.60605741e-01 1.56196943e-02 4.59542036e-01 1.91536378e-02
      4.54015315e-01 3.47373635e-02 4.49757934e-01 4.48728949e-02
      4.44633603e-01 5.06941006e-02 4.33325231e-01 5.25795482e-02
      4.32413280e-01 5.25795408e-02 4.34477389e-01 -1.31358989e-02
      4.37290728e-01 -1.67360399e-02</contour2d>
    <histogram type_id="opencv-matrix">
      <rows>20</rows>
      <cols>1</cols>
      <dt>f</dt>
      <data>
        0. 2.03873590e-03 1.01936795e-03 1.01936795e-02 1.32517833e-02
        6.11620769e-03 9.17431153e-03 1.12130474e-02 1.42711513e-02
        1.43730879e-01 4.20998961e-01 2.89500505e-01 4.79102954e-02
        1.12130474e-02 7.13557564e-03 2.03873590e-03 3.05810384e-03 0.
        0. 7.13557564e-03</data></histogram></_>
  <_><id>3</id>
    <height>1.1785644292831421e-01</height>
    <contour2d>
      5.93122840e-01 -2.63272319e-03 5.94179511e-01 1.42588548e-03
      5.95004082e-01 8.16918258e-03 5.94177723e-01 3.11888661e-02
      5.75971484e-01 5.21426164e-02 5.63214183e-01 5.40431365e-02
      5.59925199e-01 5.39005361e-02 5.25972068e-01 3.86232436e-02
      5.25277376e-01 3.82057130e-02 5.24698019e-01 3.74894701e-02
      5.21947980e-01 3.25021259e-02 5.19729793e-01 2.79974844e-02
      5.17746389e-01 2.29194425e-02 5.17746449e-01 2.16499586e-02
      5.31028748e-01 -2.75464752e-03 5.36506593e-01 -5.61282923e-03
      5.69598675e-01 -2.13235933e-02 5.70643485e-01 -2.13235915e-02
      5.76891720e-01 -2.01161522e-02 5.83200872e-01 -1.60783939e-02</contour2d>
    <histogram type_id="opencv-matrix">
      <rows>20</rows>
      <cols>1</cols>
      <dt>f</dt>
      <data>
        4.27960046e-03 1.42653356e-03 1.42653356e-03 4.99286735e-03
        7.84593448e-03 6.41940115e-03 4.27960046e-03 1.42653361e-02
        3.49500738e-02 1.30527824e-01 4.62910146e-01 2.42510706e-01
        4.35092747e-02 1.78316701e-02 7.84593448e-03 2.85306713e-03
        2.13980023e-03 2.85306713e-03 7.13266782e-04 6.41940115e-03</data></histogram></_>
  <_><id>4</id>
    <height>1.1580914258956909e-01</height>
    <contour2d>
      4.77831095e-01 3.94551083e-02 4.80734646e-01 4.19157706e-02
      4.88196790e-01 5.39276861e-02 4.90127772e-01 5.76052405e-02
      4.93517131e-01 6.80015683e-02 4.94346529e-01 7.39782229e-02
      4.94511276e-01 7.66662508e-02 4.89271253e-01 9.19870958e-02
      4.88315016e-01 9.32178646e-02 4.84339654e-01 9.66354683e-02
      4.73048449e-01 1.05700329e-01 4.66704130e-01 1.08892426e-01
      4.62688476e-01 1.09475747e-01 4.54016984e-01 1.10059418e-01
      4.53598678e-01 1.09024011e-01 4.53245848e-01 1.03314340e-01
      4.72309947e-01 4.10616547e-02 4.73632842e-01 3.96401919e-02</contour2d>
    <histogram type_id="opencv-matrix">
      <rows>20</rows>
      <cols>1</cols>
      <dt>f</dt>
      <data>
        6.38569589e-04 1.27713918e-03 2.55427836e-03 4.46998700e-03
        4.46998700e-03 6.38569612e-03 1.91570877e-03 4.46998700e-03
        7.02426536e-03 7.85440579e-02 3.72924626e-01 3.85057449e-01
        7.66283497e-02 2.10727956e-02 1.02171134e-02 3.19284806e-03
        2.55427836e-03 1.27713918e-03 2.55427836e-03 1.27713922e-02</data></histogram></_>
  <_><id>5</id>
    <height>1.1712628602981567e-01</height>
    <contour2d>
      4.71034437e-01 3.73771451e-02 4.75327283e-01 3.85467485e-02
      4.78762776e-01 3.98295596e-02 4.84289825e-01 4.44990285e-02
      4.88705307e-01 5.31605221e-02 4.91504282e-01 5.97280785e-02
      4.94019091e-01 6.84875846e-02 4.95414078e-01 7.70548657e-02
      4.89200860e-01 9.60568488e-02 4.76088852e-01 1.11568049e-01
      4.56729829e-01 1.10409513e-01 4.54217583e-01 1.08738936e-01
      4.54215020e-01 1.07547574e-01 4.70069081e-01 3.73792872e-02</contour2d>
    <histogram type_id="opencv-matrix">
      <rows>20</rows>
      <cols>1</cols>
      <dt>f</dt>
      <data>
        1.96206663e-03 6.54022209e-03 2.61608884e-03 9.15631093e-03
        1.04643553e-02 9.15631093e-03 5.88619988e-03 6.54022209e-03
        1.43884886e-02 9.61412638e-02 3.25703055e-01 3.44669700e-01
        7.97907114e-02 2.02746876e-02 1.11183776e-02 2.61608884e-03
        6.54022209e-04 1.96206663e-03 1.63505562e-02 3.40091549e-02</data></histogram></_>
  <_><id>6</id>
    <height>1.1672598123550415e-01</height>
    <contour2d>
      5.82616091e-01 7.51096010e-02 5.74397564e-01 8.61983374e-02
      5.63855469e-01 9.25254747e-02 5.58508515e-01 9.35821384e-02
      5.57482600e-01 9.35789868e-02 5.51260233e-01 9.15249437e-02
      5.19742966e-01 7.88737088e-02 5.15591443e-01 7.60820881e-02
      5.07510602e-01 6.88023567e-02 5.06959498e-01 5.29962033e-02
      5.09990752e-01 4.12043557e-02 5.14079213e-01 2.92379670e-02
      5.57679832e-01 2.01777481e-02 5.59745312e-01 2.01840922e-02
      5.65933347e-01 2.28463300e-02 5.74428558e-01 2.70688646e-02
      5.75466633e-01 2.84058210e-02 5.77538550e-01 3.24134789e-02
      5.79606295e-01 3.77549119e-02 5.84183455e-01 5.27047217e-02
      5.84983110e-01 5.92612103e-02</contour2d>
    <histogram type_id="opencv-matrix">
      <rows>20</rows>
      <cols>1</cols>
      <dt>f</dt>
      <data>
        1.89155107e-03 1.26103405e-03 1.26103405e-03 5.04413620e-03
        5.04413620e-03 4.41361917e-03 5.67465322e-03 1.19798239e-02
        2.64817141e-02 1.02143757e-01 4.02900368e-01 3.00126106e-01
        6.05296344e-02 2.39596479e-02 6.30517025e-03 2.52206810e-03
        1.89155107e-03 4.41361917e-03 1.89155107e-03 3.02648172e-02</data></histogram></_>
  <_><id>7</id>
    <height>1.1865121126174927e-01</height>
    <contour2d>
      4.61990386e-01 -2.75250487e-02 4.61033136e-01 -2.75235828e-02
      4.58081812e-01 -2.86636949e-02 4.54679161e-01 -3.29804309e-02
      4.51949745e-01 -3.74001600e-02 4.45104063e-01 -5.06749451e-02
      4.45824146e-01 -6.34322241e-02 4.49230611e-01 -7.44084194e-02
      4.57096875e-01 -8.11048225e-02 4.58096176e-01 -8.11063498e-02
      4.59100544e-01 -8.06706101e-02 4.71182108e-01 -3.45544033e-02
      4.71185952e-01 -3.19424979e-02 4.70666677e-01 -3.06755528e-02
      4.69147712e-01 -2.93274187e-02 4.64355439e-01 -2.79860515e-02</contour2d>
    <histogram type_id="opencv-matrix">
      <rows>20</rows>
      <cols>1</cols>
      <dt>f</dt>
      <data>
        3.74873355e-02 0. 0. 0. 0. 0. 0. 0. 0. 0. 0. 0. 0. 0. 0.
        3.03951371e-03 1.31712267e-02 9.19959545e-01 0. 2.63424534e-02</data></histogram></_>
  <_><id>8</id>
    <height>1.2081599235534668e-01</height>
    <contour2d>
