<?xml version="1.0"?>
<opencv_storage>
<obj>
  <_><id>1</id>
    <height>9.7166895866394043e-02</height>
    <contour2d>
      5.03573835e-01 1.23562142e-02 5.02104163e-01 2.02599466e-02
      4.99012858e-01 3.32382843e-02 4.93100047e-01 3.84886004e-02
      4.80787039e-01 4.17521410e-02 4.64178741e-01 4.35045995e-02
      4.46872413e-01 4.31592911e-02 4.43312824e-01 3.83808836e-02
      4.35320079e-01 2.27880217e-02 4.33626354e-01 1.89878456e-02
      4.32724655e-01 7.84081873e-03 4.34836000e-01 -7.80181319e-04
      4.35654938e-01 -3.32344463e-03 4.46765125e-01 -2.20083389e-02
      4.48100865e-01 -2.28542183e-02 4.59964156e-01 -2.34957058e-02
      4.73041743e-01 -2.38574743e-02 4.88369435e-01 -1.90748852e-02
      4.90427196e-01 -1.78205110e-02 5.03573835e-01 8.39141477e-03</contour2d>
    <histogram type_id="opencv-matrix">
      <rows>20</rows>
      <cols>1</cols>
      <dt>f</dt>
      <data>
        1.53001174e-02 1.59278139e-01 5.27657866e-01 1.93016857e-01
        6.23774007e-02 1.45154959e-02 5.49234962e-03 1.56924280e-03
        3.92310700e-04 1.17693213e-03 7.84621399e-04 1.96155347e-03
        3.92310700e-04 3.92310700e-04 0. 3.92310700e-04 1.56924280e-03
        5.10003930e-03 8.63083545e-03 0.</data></histogram></_>
  <_><id>2</id>
    <height>8.8563680648803711e-02</height>
    <contour2d>
      5.02954483e-01 2.68584751e-02 4.96247858e-01 3.85372192e-02
      4.83805776e-01 4.72294092e-02 4.70796943e-01 5.03112264e-02
      4.65363890e-01 5.12410663e-02 4.64546025e-01 5.12418374e-02
      4.43224281e-01 4.72570285e-02 4.38375235e-01 3.98410559e-02
      4.33626354e-01 2.14573964e-02 4.33722436e-01 1.03897350e-02
      4.35320050e-01 5.42831095e-03 4.39749718e-01 -3.32731591e-03
      4.46677983e-01 -1.51671935e-02 4.52291369e-01 -1.81999132e-02
      4.55737233e-01 -1.82031710e-02 4.66999352e-01 -1.73136611e-02
      4.77319837e-01 -1.62459854e-02 4.86544788e-01 -1.25122573e-02
      4.95475233e-01 -4.76555480e-03 5.02104163e-01 1.89400744e-02
      5.02954483e-01 2.42187306e-02</contour2d>
    <histogram type_id="opencv-matrix">
      <rows>20</rows>
      <cols>1</cols>
      <dt>f</dt>
      <data>
        1.39227286e-02 1.28785238e-01 4.61538464e-01 1.48277059e-01
        1.85868427e-01 3.37626189e-02 1.07901152e-02 5.56909153e-03
        3.13261407e-03 0. 0. 0. 3.48068221e-04 6.96136442e-04 0. 0.
        1.39227288e-03 4.17681877e-03 1.74034107e-03 0.</data></histogram></_>
  <_><id>3</id>
    <height>9.4111979007720947e-02</height>
    <contour2d>
      5.09474993e-01 2.70321369e-02 5.08619130e-01 2.96900533e-02
      4.96478856e-01 4.50413190e-02 4.92721558e-01 4.75397445e-02
      4.67962742e-01 5.14507070e-02 4.67141569e-01 5.14514819e-02
      4.48305428e-01 4.27219197e-02 4.47208315e-01 4.20204476e-02
      4.42827940e-01 3.43738571e-02 4.39908147e-01 2.81774532e-02
      4.38707530e-01 2.29797754e-02 4.37716544e-01 1.41059132e-02
      4.37901974e-01 1.17269438e-02 4.38399076e-01 9.10518598e-03
      4.42094922e-01 4.76781395e-04 4.50468719e-01 -1.28976405e-02
      4.52741534e-01 -1.62014049e-02 4.55803335e-01 -1.81339886e-02
      4.58465278e-01 -1.92451496e-02 4.81994361e-01 -1.76509712e-02
      4.90047634e-01 -1.51689816e-02 5.04425228e-01 1.78259588e-03
      5.05666196e-01 7.08766095e-03</contour2d>
    <histogram type_id="opencv-matrix">
      <rows>20</rows>
      <cols>1</cols>
      <dt>f</dt>
      <data>
        1.67256352e-02 1.06465101e-01 3.32582831e-01 1.33161783e-01
        3.01061422e-01 9.00611132e-02 8.68446473e-03 1.92988105e-03
        1.28658733e-03 3.21646832e-04 3.21646832e-04 6.43293664e-04
        3.21646832e-04 6.43293664e-04 3.21646832e-04 6.43293664e-04
        1.28658733e-03 1.92988105e-03 1.60823413e-03 0.</data></histogram></_>
  <_><id>4</id>
    <height>8.9125275611877441e-02</height>
    <contour2d>
      5.11346579e-01 3.38070616e-02 4.97002572e-01 5.19415513e-02
      4.72217411e-01 5.54985404e-02 4.46705341e-01 5.46877906e-02
      4.44203794e-01 4.93270829e-02 4.38707530e-01 2.42301784e-02
      4.38707530e-01 1.79781802e-02 4.39235330e-01 1.20123439e-02
      4.46611583e-01 -7.92322739e-04 4.55554724e-01 -1.54304830e-02
      4.87153023e-01 -1.38279730e-02 4.97093558e-01 -8.72869045e-03
      4.97939348e-01 -7.41654076e-03 5.02954423e-01 3.10088857e-03
      5.06519854e-01 1.23871537e-02 5.10330856e-01 2.57027745e-02</contour2d>
    <histogram type_id="opencv-matrix">
      <rows>20</rows>
      <cols>1</cols>
      <dt>f</dt>
      <data>
        8.83838348e-03 1.34469703e-01 3.02714646e-01 1.16477273e-01
        3.42171729e-01 7.26010129e-02 9.78535321e-03 6.31313131e-04
        9.46969725e-04 1.89393945e-03 1.57828280e-03 3.15656565e-04 0.
        1.89393945e-03 3.15656565e-04 0. 6.31313131e-04 2.52525252e-03
        2.20959587e-03 0.</data></histogram></_>
  <_><id>5</id>
    <height>8.8503420352935791e-02</height>
    <contour2d>
      5.08768857e-01 2.98082307e-02 5.05666256e-01 3.62393484e-02
      4.94789451e-01 5.15988283e-02 4.91410732e-01 5.42244054e-02
      4.73267257e-01 5.79780154e-02 4.70796943e-01 5.79803474e-02
      4.45042819e-01 5.46893626e-02 4.44487184e-01 5.33271022e-02
      4.39658284e-01 3.83036733e-02 4.37946320e-01 3.01825106e-02
      4.37096477e-01 2.42317021e-02 4.38783467e-01 1.17766969e-02
      4.52681303e-01 -9.74638294e-03 4.53111619e-01 -1.00000091e-02
      4.57214892e-01 -1.14896093e-02 4.57701027e-01 -1.15476586e-02
      4.84494895e-01 -9.89040919e-03 4.93792564e-01 -3.45796044e-03
      5.04812598e-01 8.41354858e-03 5.05666196e-01 9.73782409e-03
      5.09006500e-01 2.57724822e-02 5.09006500e-01 2.84365397e-02</contour2d>
    <histogram type_id="opencv-matrix">
      <rows>20</rows>
      <cols>1</cols>
      <dt>f</dt>
      <data>
        1.08695654e-02 8.62771720e-02 3.32201093e-01 1.54211953e-01
        3.30163062e-01 6.65760860e-02 7.81250000e-03 2.71739135e-03
        3.39673919e-04 0. 0. 0. 3.39673919e-04 1.35869568e-03
        6.79347839e-04 6.79347839e-04 3.39673919e-04 3.73641308e-03
        1.69836963e-03 0.</data></histogram></_>
  <_><id>6</id>
    <height>9.2052698135375977e-02</height>
    <contour2d>
      5.02722502e-01 4.01106887e-02 5.00019610e-01 4.39024083e-02
      4.91268724e-01 5.13952747e-02 4.72352654e-01 6.21518008e-02
      4.66445565e-01 6.19036108e-02 4.47208345e-01 5.58703654e-02
      4.37974691e-01 4.19120900e-02 4.36290979e-01 3.79868671e-02
      4.35485423e-01 3.54868136e-02 4.35101032e-01 3.36593278e-02
      4.34607267e-01 2.78669521e-02 4.34521258e-01 2.15488188e-02
      4.35101002e-01 1.89046040e-02 4.37292874e-01 1.32011129e-02
      4.38930809e-01 9.38585401e-03 4.39751744e-01 7.96235260e-03
      4.51988399e-01 -8.56587943e-03 4.56522554e-01 -8.87604617e-03
      4.72217232e-01 -8.49761069e-03 4.80852306e-01 -4.67744423e-03
      4.93944645e-01 1.77469000e-03 4.96247768e-01 3.08840605e-03
      5.01253843e-01 8.38195626e-03 5.02104163e-01 1.10208699e-02
      5.02722442e-01 1.63218435e-02</contour2d>
    <histogram type_id="opencv-matrix">
      <rows>20</rows>
      <cols>1</cols>
      <dt>f</dt>
      <data>
        1.24747138e-02 6.40593395e-02 3.34120035e-01 2.26230621e-01
        3.25691193e-01 2.66351998e-02 3.37154418e-03 3.37154430e-04 0.
        3.37154430e-04 0. 3.37154430e-04 0. 0. 0. 3.37154430e-04
        1.01146335e-03 1.68577209e-03 3.37154418e-03 0.</data></histogram></_>
  <_><id>7</id>
    <height>9.1544508934020996e-02</height>
    <contour2d>
      4.99171585e-01 4.39032130e-02 4.91410732e-01 5.55355921e-02
      4.71392870e-01 6.06190264e-02 4.69743758e-01 6.06205873e-02
      4.49848652e-01 5.64918965e-02 4.42341596e-01 5.20977266e-02
      4.38410878e-01 4.65710536e-02 4.33722496e-01 3.89092825e-02
      4.32923675e-01 3.64300720e-02 4.32124853e-01 3.27108949e-02
      4.31932628e-01 2.87440680e-02 4.31932628e-01 2.01371647e-02
      4.34236288e-01 1.34085920e-02 4.35409367e-01 1.04335183e-02
      4.45151687e-01 -8.28631036e-03 4.49563622e-01 -1.01106018e-02
