<?xml version="1.0"?>
<opencv_storage>
<obj>
  <_><id>1</id>
    <height>9.6656322479248047e-02</height>
    <contour2d>
      4.30609822e-01 2.28396151e-02 4.14099872e-01 2.40163729e-02
      4.06345785e-01 2.39636712e-02 4.00907218e-01 2.24524438e-02
      3.98711979e-01 1.83230322e-02 3.97036254e-01 9.81007703e-03
      3.90944302e-01 -2.58965511e-02 3.91233027e-01 -3.67513224e-02
      3.94595027e-01 -3.94283794e-02 4.01454210e-01 -4.00111452e-02
      4.21838284e-01 -4.07382287e-02 4.28533912e-01 -3.93580720e-02
      4.29932535e-01 -3.63148563e-02 4.31771457e-01 -2.61038337e-02
      4.33855474e-01 8.02582875e-03 4.33855534e-01 1.09990127e-02</contour2d>
    <histogram type_id="opencv-matrix">
      <rows>20</rows>
      <cols>1</cols>
      <dt>f</dt>
      <data>
        1.23400368e-01 2.16636211e-01 9.78062153e-02 2.37659961e-02
        6.39853766e-03 9.14076809e-04 1.82815362e-03 3.65630724e-03
        3.65630724e-03 7.31261447e-03 1.18829980e-02 2.65082270e-02
        4.29616086e-02 6.03290685e-02 3.56489941e-02 4.20475341e-02
        6.12431467e-02 7.49543011e-02 0. 1.59049362e-01</data></histogram></_>
  <_><id>2</id>
    <height>9.6651315689086914e-02</height>
    <contour2d>
      4.31526542e-01 2.28931606e-02 4.09512699e-01 2.40192711e-02
      4.07489896e-01 2.39629485e-02 4.01769459e-01 2.25060228e-02
      3.97866011e-01 1.97525341e-02 3.91444623e-01 -2.60178577e-02
      3.90634894e-01 -3.43665443e-02 3.91233027e-01 -3.67513224e-02
      3.95196855e-01 -3.83735895e-02 4.11806166e-01 -4.03985977e-02
      4.19784307e-01 -4.06417064e-02 4.28533912e-01 -3.93580720e-02
      4.30852056e-01 -3.64002474e-02 4.31771457e-01 -2.61038337e-02
      4.33855474e-01 8.02582875e-03 4.33855534e-01 1.09990127e-02</contour2d>
    <histogram type_id="opencv-matrix">
      <rows>20</rows>
      <cols>1</cols>
      <dt>f</dt>
      <data>
        1.18226603e-01 1.97044343e-01 9.26108435e-02 2.56157648e-02
        5.91133023e-03 1.97044341e-03 9.85221704e-04 4.92610876e-03
        9.85221704e-04 5.91133023e-03 1.87192131e-02 1.87192131e-02
        5.22167496e-02 5.61576374e-02 3.74384262e-02 4.43349779e-02
        6.79802969e-02 8.37438479e-02 0. 1.66502461e-01</data></histogram></_>
  <_><id>3</id>
    <height>9.6687972545623779e-02</height>
    <contour2d>
      4.32691038e-01 2.28924248e-02 4.08634007e-01 2.39622258e-02
      4.00907218e-01 2.24524438e-02 3.97866011e-01 1.97525341e-02
      3.92412484e-01 -2.02863477e-02 3.90381634e-01 -3.66624966e-02
      3.92358065e-01 -3.81882899e-02 3.94595027e-01 -3.94283794e-02
      4.04599309e-01 -4.01083604e-02 4.22091484e-01 -4.06431630e-02
      4.28776205e-01 -3.92664708e-02 4.29932535e-01 -3.77910025e-02
      4.31771457e-01 -2.61038337e-02 4.33855474e-01 8.02582875e-03
      4.33855534e-01 1.09990127e-02</contour2d>
    <histogram type_id="opencv-matrix">
      <rows>20</rows>
      <cols>1</cols>
      <dt>f</dt>
      <data>
        1.21951222e-01 2.30352312e-01 1.18337855e-01 2.16802172e-02
        7.22673908e-03 2.71002715e-03 0. 2.71002715e-03 2.71002715e-03
        9.03342385e-03 1.08401086e-02 2.07768753e-02 3.88437212e-02
        4.51671183e-02 3.61336954e-02 3.07136402e-02 6.68473393e-02
        7.94941336e-02 1.80668477e-03 1.52664870e-01</data></histogram></_>
  <_><id>4</id>
    <height>4.4856786727905273e-02</height>
    <contour2d>
      4.26215947e-01 5.93673089e-04 3.72820079e-01 3.42071406e-03
      3.69196057e-01 -8.34713574e-04 3.64964128e-01 -1.35098659e-02
      3.63859475e-01 -1.77396759e-02 3.61957788e-01 -3.31690758e-02
      3.61957788e-01 -3.59824300e-02 3.74457538e-01 -4.06546257e-02
      3.97767484e-01 -4.15576659e-02 4.13210154e-01 -4.17648256e-02
      4.22994554e-01 -4.07389589e-02 4.25307214e-01 -3.77880819e-02
      4.27374899e-01 -3.34387571e-02 4.27374959e-01 -2.60405634e-02</contour2d>
    <histogram type_id="opencv-matrix">
      <rows>20</rows>
      <cols>1</cols>
      <dt>f</dt>
      <data>
        1.45956606e-01 1.75542414e-01 7.59368837e-02 1.08481264e-02
        8.87573976e-03 1.97238661e-03 0. 0. 2.95857992e-03
        2.95857992e-03 6.90335315e-03 1.28205130e-02 2.76134126e-02
        3.35305706e-02 4.04339246e-02 4.93096635e-02 9.36883613e-02
        1.19329393e-01 0. 1.91321507e-01</data></histogram></_>
  <_><id>5</id>
    <height>1.5276908874511719e-02</height>
    <contour2d>
      4.25962687e-01 -8.87231377e-04 3.75571787e-01 4.85922815e-03
      3.74457657e-01 4.85993223e-03 3.70808959e-01 2.02309410e-03
      3.67276549e-01 -7.89883547e-03 3.62754822e-01 -3.32509167e-02
      3.62754822e-01 -3.60712186e-02 3.75276327e-01 -4.07538489e-02
      4.12066042e-01 -4.17641029e-02 4.22994554e-01 -4.07389589e-02
      4.25056815e-01 -3.93558741e-02 4.26215827e-01 -3.78769338e-02
      4.27374899e-01 -3.34387571e-02 4.27374959e-01 -6.80525741e-03</contour2d>
    <histogram type_id="opencv-matrix">
      <rows>20</rows>
      <cols>1</cols>
      <dt>f</dt>
      <data>
        1.31832793e-01 1.38263658e-01 7.71704167e-02 1.28617361e-02
        1.39335468e-02 1.07181130e-03 0. 0. 0. 0. 6.43086806e-03
        1.82207916e-02 3.32261510e-02 3.10825277e-02 5.57341874e-02
        5.57341874e-02 9.86066386e-02 1.17899247e-01 0. 2.07931399e-01</data></histogram></_>
  <_><id>6</id>
    <height>4.4178605079650879e-02</height>
    <contour2d>
      4.27124441e-01 5.95124729e-04 3.75571728e-01 3.43692023e-03
      3.71925831e-01 2.02238816e-03 3.68512809e-01 -6.63766405e-03
      3.66167843e-01 -1.49750495e-02 3.62754822e-01 -3.18407081e-02
      3.62754822e-01 -3.46610695e-02 3.65059018e-01 -3.62050943e-02
      3.75276327e-01 -4.07538489e-02 4.14099693e-01 -4.18640897e-02
      4.22994554e-01 -4.07389589e-02 4.26215827e-01 -3.78769338e-02
      4.27374899e-01 -3.34387571e-02</contour2d>
    <histogram type_id="opencv-matrix">
      <rows>20</rows>
      <cols>1</cols>
      <dt>f</dt>
      <data>
        1.28468663e-01 1.63412139e-01 6.88592046e-02 1.33607406e-02
        6.16649538e-03 2.05549854e-03 0. 2.05549854e-03 0.
        3.08324769e-03 4.11099708e-03 1.64439883e-02 3.39157246e-02
        3.28879766e-02 5.44707105e-02 6.98869526e-02 8.73586908e-02
        1.12024672e-01 0. 2.01438859e-01</data></histogram></_>
  <_><id>7</id>
    <height>4.2869985103607178e-02</height>
    <contour2d>
      4.28680241e-01 2.09375774e-03 3.71925831e-01 2.02238816e-03
      3.69374692e-01 -2.30755401e-03 3.66658568e-01 -1.50477197e-02
      3.63950372e-01 -3.05428952e-02 3.63859415e-01 -3.60719152e-02
      3.71115088e-01 -3.92301530e-02 3.75276327e-01 -4.07538489e-02
      3.94638777e-01 -4.14569899e-02 4.11179304e-01 -4.16648425e-02
      4.22994554e-01 -4.07389589e-02 4.25056815e-01 -3.93558741e-02
      4.26215827e-01 -3.78769338e-02 4.28286195e-01 -2.61016320e-02</contour2d>
    <histogram type_id="opencv-matrix">
      <rows>20</rows>
      <cols>1</cols>
      <dt>f</dt>
      <data>
        1.57949790e-01 1.51673630e-01 7.32217580e-02 1.35983257e-02
        8.36820062e-03 5.23012551e-03 0. 0. 0. 1.04602508e-03
        7.32217543e-03 1.25523005e-02 3.45188268e-02 3.45188268e-02
        3.76569033e-02 5.54393306e-02 8.99581537e-02 1.12970710e-01 0.
        2.03974888e-01</data></histogram></_>
  <_><id>8</id>
    <height>3.9074599742889404e-02</height>
    <contour2d>
      3.97457898e-01 6.36324706e-03 3.90956879e-01 7.79113779e-03
      3.84482980e-01 7.77583662e-03 3.64964187e-01 4.82237106e-03
      3.62524509e-01 5.98468992e-04 3.61282706e-01 -6.60241349e-03
      3.59973609e-01 -1.64658595e-02 3.59973609e-01 -2.35775094e-02
      3.60545456e-01 -4.87614013e-02 3.61337006e-01 -5.31223714e-02
      3.73855829e-01 -5.94322309e-02 3.74975443e-01 -5.94329387e-02
      3.94339919e-01 -5.55576608e-02 3.97186935e-01 -5.29330298e-02
      3.98320138e-01 -5.14870659e-02 4.01454270e-01 -2.84102242e-02
      4.01454329e-01 -8.10857397e-03 3.99718881e-01 5.89145813e-04</contour2d>
    <histogram type_id="opencv-matrix">
      <rows>20</rows>
      <cols>1</cols>
