<?xml version="1.0"?>
<opencv_storage>
<obj>
  <_><id>0</id>
    <height>6.1112999916076660e-02</height>
    <contour2d>
      7.09196031e-01 7.86518157e-02 6.68590128e-01 8.25094506e-02
      6.65188551e-01 8.09266418e-02 6.66263759e-01 2.52879709e-02
      6.68815315e-01 -4.79338281e-02 6.75401628e-01 -5.01774698e-02
      7.12369561e-01 -4.49469425e-02 7.13580906e-01 -3.52022797e-02
      7.16156960e-01 3.59560810e-02 7.15548933e-01 6.95113614e-02
      7.11260080e-01 7.73692951e-02</contour2d>
    <histogram type_id="opencv-matrix">
      <rows>20</rows>
      <cols>1</cols>
      <dt>f</dt>
      <data>
        0. 0. 0. 0. 0. 0. 2.70782562e-04 1.08313025e-03 1.89547800e-03
        2.70782551e-03 1.89547800e-03 3.79095599e-03 2.70782551e-03 0.
        0. 0. 0. 0. 0. 9.85648513e-01</data></histogram></_>
  <_><id>1</id>
    <height>5.9158921241760254e-02</height>
    <contour2d>
      7.42388129e-01 7.60603473e-02 7.39558458e-01 7.65646249e-02
      7.38518178e-01 7.63664991e-02 6.61688149e-01 1.55232698e-02
      6.50864840e-01 4.87244595e-03 6.47556305e-01 -3.29406903e-04
      6.46484733e-01 -2.90256715e-03 6.46484733e-01 -4.18828102e-03
      6.47546649e-01 -8.25825054e-03 6.67124093e-01 -4.27095629e-02
      6.82495654e-01 -4.46785390e-02 7.59017706e-01 2.16253325e-02
      7.60530055e-01 2.31246669e-02 7.67057002e-01 3.22048664e-02
      7.67931342e-01 3.52176316e-02 7.67931402e-01 3.96747701e-02</contour2d>
    <histogram type_id="opencv-matrix">
      <rows>20</rows>
      <cols>1</cols>
      <dt>f</dt>
      <data>
        6.63349929e-04 0. 2.65339972e-03 3.98009969e-03 6.96517434e-03
        3.31674959e-03 3.31674959e-03 5.30679943e-03 8.29187408e-03
        9.95024852e-03 6.96517434e-03 5.63847460e-03 6.63349929e-04
        1.65837479e-03 0. 3.31674964e-04 3.31674964e-04 9.95024922e-04
        0. 9.38971817e-01</data></histogram></_>
  <_><id>2</id>
    <height>6.0367226600646973e-02</height>
    <contour2d>
      7.68993199e-01 2.03312021e-02 7.65120804e-01 2.62728240e-02
      7.35973120e-01 2.96686813e-02 6.63599610e-01 2.88674999e-02
      6.60916924e-01 2.86152475e-02 6.59296036e-01 2.71382295e-02
      6.57622159e-01 1.56960953e-02 6.55764341e-01 -1.64863141e-03
      6.55511379e-01 -5.59004070e-03 6.55607998e-01 -1.48905860e-02
      6.56460464e-01 -2.43591219e-02 6.58486962e-01 -2.94572320e-02
      6.60712063e-01 -3.08705792e-02 7.57911742e-01 -3.26983854e-02
      7.63559401e-01 -2.99604684e-02 7.68347621e-01 -2.26981994e-02
      7.69223750e-01 6.98693888e-03</contour2d>
    <histogram type_id="opencv-matrix">
      <rows>20</rows>
      <cols>1</cols>
      <dt>f</dt>
      <data>
        0. 0. 0. 0. 0. 0. 0. 0. 2.94261891e-03 4.41392837e-03
        1.52035318e-02 1.56939682e-02 3.43305548e-03 4.90436505e-04
        4.90436505e-04 0. 4.90436505e-04 4.90436505e-04 0.
        9.56351161e-01</data></histogram></_>
  <_><id>3</id>
    <height>6.2491059303283691e-02</height>
    <contour2d>
      7.35583425e-01 -6.93282336e-02 7.63559401e-01 -3.29128467e-02
      7.63559401e-01 -2.99604684e-02 7.62917340e-01 -2.40546502e-02
      7.12975502e-01 4.13796529e-02 6.93995655e-01 6.27155975e-02
      6.92802608e-01 6.27175644e-02 6.74139619e-01 4.86173742e-02
      6.65777504e-01 4.02971059e-02 6.63271785e-01 3.68879586e-02
      6.62693501e-01 3.55593897e-02 6.61366224e-01 3.01094335e-02
      6.61571085e-01 2.66442765e-02 6.64503992e-01 1.85480155e-02
      7.29974687e-01 -6.78119510e-02 7.32393682e-01 -6.93229735e-02</contour2d>
    <histogram type_id="opencv-matrix">
      <rows>20</rows>
      <cols>1</cols>
      <dt>f</dt>
      <data>
        2.75633967e-04 0. 0. 0. 0. 1.37816987e-03 5.51267934e-04
        2.20507174e-03 1.37816987e-03 2.75633973e-03 4.41014348e-03
        2.20507174e-03 5.51267934e-04 0. 2.75633967e-04 0.
        2.75633967e-04 0. 0. 9.83737648e-01</data></histogram></_>
  <_><id>4</id>
    <height>6.0035347938537598e-02</height>
    <contour2d>
      7.31650770e-01 -6.30142540e-02 7.34865427e-01 -6.04112186e-02
      7.34244406e-01 5.67326322e-02 7.31276155e-01 6.08576797e-02
      7.27453470e-01 6.20346926e-02 7.13605821e-01 6.40991703e-02
      6.97361588e-01 6.56182617e-02 6.93656504e-01 6.53531626e-02
      6.91609561e-01 6.40909523e-02 6.91010237e-01 6.17820323e-02
      6.89520001e-01 5.26720174e-02 6.81682169e-01 -7.12909922e-03
      6.80743277e-01 -5.67613617e-02 6.80798471e-01 -6.38677627e-02</contour2d>
    <histogram type_id="opencv-matrix">
      <rows>20</rows>
      <cols>1</cols>
      <dt>f</dt>
      <data>
        5.32056380e-04 2.66028190e-04 0. 0. 0. 0. 5.32056380e-04
        2.12822552e-03 3.19233816e-03 1.86219730e-03 1.59616908e-03
        1.86219730e-03 5.32056380e-04 2.66028190e-04 0. 0. 0.
        2.66028190e-04 0. 9.86964583e-01</data></histogram></_>
  <_><id>5</id>
    <height>6.1504364013671875e-02</height>
    <contour2d>
      7.53241479e-01 5.78281991e-02 7.48694658e-01 5.63423634e-02
      6.75087869e-01 6.44542230e-03 6.61570966e-01 -5.72142750e-03
      6.58626795e-01 -9.55049042e-03 6.57481790e-01 -1.21809840e-02
      6.57226324e-01 -1.34785809e-02 6.57152295e-01 -2.04376392e-02
      6.58066928e-01 -2.42615342e-02 6.76206946e-01 -5.64373806e-02
      6.80994928e-01 -5.73947765e-02 6.81585610e-01 -5.73957525e-02
      7.71623671e-01 8.49330332e-03 7.75782228e-01 1.60213728e-02
      7.75782228e-01 2.20099427e-02 7.72727847e-01 3.24094146e-02</contour2d>
    <histogram type_id="opencv-matrix">
      <rows>20</rows>
      <cols>1</cols>
      <dt>f</dt>
      <data>
        0. 4.02252626e-04 2.81576836e-03 1.20675785e-03 4.42477874e-03
        2.01126304e-03 2.01126304e-03 5.63153671e-03 7.24054733e-03
        2.29284000e-02 1.85036212e-02 4.02252609e-03 4.02252626e-04 0.
        0. 4.02252626e-04 0. 0. 0. 9.27996814e-01</data></histogram></_>
  <_><id>6</id>
    <height>6.1694025993347168e-02</height>
    <contour2d>
      7.88738012e-01 -1.86760686e-02 7.88738012e-01 -1.41217839e-02
      7.84998477e-01 1.31740524e-02 7.77761519e-01 1.90893039e-02
      7.73828626e-01 2.05160193e-02 7.38019526e-01 2.55791303e-02
      6.71150863e-01 1.70859434e-02 6.69645727e-01 1.57712027e-02
      6.68589771e-01 -2.47800499e-02 6.71858430e-01 -3.99419330e-02
      6.77066982e-01 -4.00592461e-02 7.57273793e-01 -3.41640040e-02
      7.81481087e-01 -2.60655396e-02</contour2d>
    <histogram type_id="opencv-matrix">
      <rows>20</rows>
      <cols>1</cols>
      <dt>f</dt>
      <data>
        1.34408602e-03 0. 1.79211469e-03 2.24014325e-03 3.58422939e-03
        8.96057347e-04 2.24014325e-03 6.27240166e-03 9.40860249e-03
        8.51254445e-03 1.07526882e-02 5.82437264e-03 0. 0. 0.
        8.96057347e-04 4.48028673e-04 0. 0. 9.45788503e-01</data></histogram></_>
  <_><id>7</id>
    <height>1.1360907554626465e-01</height>
    <contour2d>
      7.13776708e-01 -3.54760550e-02 7.16138542e-01 -3.15201022e-02
      7.24133909e-01 -1.68109722e-02 7.24727929e-01 -1.54462401e-02
      7.25916028e-01 -8.61962885e-03 7.24728048e-01 1.05023244e-02
      7.21463799e-01 2.40593627e-02 7.13190317e-01 3.33020389e-02
      7.11132884e-01 3.46035995e-02 6.87824309e-01 4.04165983e-02
      6.87251806e-01 4.04175445e-02 6.84919000e-01 3.96853760e-02
      6.82428539e-01 3.66252251e-02 6.78664327e-01 2.06888504e-02
      6.76143765e-01 -3.51707675e-02 6.76207006e-01 -3.64088118e-02
      6.80803239e-01 -3.78565453e-02</contour2d>
    <histogram type_id="opencv-matrix">
      <rows>20</rows>
      <cols>1</cols>
      <dt>f</dt>
      <data>
        3.25097528e-04 0. 6.50195056e-04 0. 0. 0. 3.25097528e-04
        2.27568275e-03 1.62548758e-03 1.04031209e-02 2.17815340e-02
        1.00780232e-02 2.60078022e-03 2.27568275e-03 4.87646274e-03
        2.60078022e-03 1.62548758e-03 6.50195056e-04 0. 9.37906384e-01</data></histogram></_>
  <_><id>8</id>
    <height>1.1571776866912842e-01</height>
    <contour2d>
      7.24418342e-01 5.03225885e-02 7.22628772e-01 5.16969711e-02
