<?xml version="1.0"?>
<opencv_storage>
<obj>
  <_><id>1</id>
    <height>1.9891273975372314e-01</height>
    <contour2d>
      4.70799595e-01 -1.01449080e-01 4.74569887e-01 -9.91116092e-02
      4.75323975e-01 -9.67712849e-02 4.75324005e-01 -9.32597592e-02
      4.59713161e-01 3.04067563e-02 4.54641402e-01 4.30493280e-02
      4.53783542e-01 4.42760959e-02 4.52020824e-01 4.57391478e-02
      4.50559676e-01 4.57405262e-02 4.41580981e-01 3.37975658e-02
      4.33440983e-01 2.10643522e-02 4.32443857e-01 -5.74368378e-03
      4.31932449e-01 -4.13408428e-02 4.31932390e-01 -5.48659824e-02
      4.32158768e-01 -5.84727377e-02 4.32949752e-01 -6.09291457e-02
      4.38845724e-01 -7.13868663e-02 4.51711655e-01 -8.95781666e-02
      4.52648550e-01 -9.06483084e-02 4.59596217e-01 -9.54480991e-02
      4.69184756e-01 -1.01597413e-01</contour2d>
    <histogram type_id="opencv-matrix">
      <rows>20</rows>
      <cols>1</cols>
      <dt>f</dt>
      <data>
        1.44362628e-01 2.66886741e-01 1.42077193e-01 1.61249377e-02
        3.17420019e-03 8.88776034e-04 7.61808013e-04 2.53936014e-04
        1.26968007e-04 2.53936014e-04 1.26968007e-04 3.80904006e-04
        2.53936014e-04 7.61808013e-04 1.14271208e-03 2.53936020e-03
        2.01879125e-02 3.97409856e-01 2.28542415e-03 0.</data></histogram></_>
  <_><id>2</id>
    <height>1.9106346368789673e-01</height>
    <contour2d>
      5.42240441e-01 2.57783253e-02 5.36197901e-01 2.64673866e-02
      5.08286953e-01 2.72130892e-02 5.04472733e-01 2.58109998e-02
      4.59001243e-01 3.09538539e-03 4.42434847e-01 -1.63672008e-02
      4.32017207e-01 -4.18388024e-02 4.31682378e-01 -6.18814267e-02
      4.32856500e-01 -6.37561306e-02 4.68335986e-01 -6.51570335e-02
      5.42240441e-01 2.19698250e-02</contour2d>
    <histogram type_id="opencv-matrix">
      <rows>20</rows>
      <cols>1</cols>
      <dt>f</dt>
      <data>
        2.08295599e-01 2.81289637e-01 1.14472017e-01 7.60731753e-03
        2.71689915e-03 1.81126612e-04 1.81126612e-04 0. 3.62253224e-04
        3.62253224e-04 1.81126612e-04 1.81126612e-04 1.81126612e-04
        9.05633089e-04 9.05633089e-04 4.16591205e-03 2.48143449e-02
        3.52834642e-01 3.62253224e-04 0.</data></histogram></_>
  <_><id>3</id>
    <height>1.9555228948593140e-01</height>
    <contour2d>
      5.33574343e-01 -6.53434098e-02 5.33669889e-01 -6.02997430e-02
      5.32258809e-01 -5.45582846e-02 5.20537972e-01 -4.06500511e-02
      4.94918346e-01 -1.50363343e-02 4.52787817e-01 5.08575060e-04
      4.48622584e-01 5.22372487e-04 4.32923496e-01 -1.93689913e-02
      4.32035267e-01 -2.54623368e-02 4.31564450e-01 -6.26796484e-02
      4.32255507e-01 -6.54696003e-02 5.04054725e-01 -6.65697679e-02
      5.32074451e-01 -6.64894432e-02</contour2d>
    <histogram type_id="opencv-matrix">
      <rows>20</rows>
      <cols>1</cols>
      <dt>f</dt>
      <data>
        2.12381527e-01 2.98874408e-01 1.09300949e-01 1.06635075e-02
        3.25829396e-03 5.92417084e-04 8.88625626e-04 5.92417084e-04 0.
        0. 2.96208542e-04 2.96208542e-04 1.48104271e-03 5.92417084e-04
        2.66587688e-03 6.51658792e-03 3.37677747e-02 3.17239344e-01
        5.92417084e-04 0.</data></histogram></_>
  <_><id>4</id>
    <height>1.9036465883255005e-01</height>
    <contour2d>
      4.86615002e-01 -1.00266866e-01 4.89039779e-01 -9.65347886e-02
      4.89810646e-01 -9.17492881e-02 4.90788281e-01 -7.59750754e-02
      4.91556942e-01 -5.45001589e-02 4.91556972e-01 -4.85347100e-02
      4.89130586e-01 2.93616932e-02 4.87696707e-01 3.29358876e-02
      4.81565297e-01 4.69218902e-02 4.80796725e-01 4.81157117e-02
      4.80028093e-01 4.81164381e-02 4.78248358e-01 4.70629483e-02
      4.46386784e-01 2.53524799e-02 4.40570235e-01 2.03454047e-02
      4.36195552e-01 1.36485295e-02 4.35667932e-01 1.24541391e-02
      4.34610397e-01 8.45661480e-03 4.32907581e-01 5.28602919e-04
      4.32375371e-01 -1.12357624e-02 4.31742311e-01 -6.01386055e-02
      4.32651103e-01 -6.45147637e-02 4.34016824e-01 -6.81551397e-02
      4.45057690e-01 -8.16351622e-02 4.84181166e-01 -1.00409210e-01</contour2d>
    <histogram type_id="opencv-matrix">
      <rows>20</rows>
      <cols>1</cols>
      <dt>f</dt>
      <data>
        1.48367032e-01 3.19336444e-01 8.62623155e-02 2.90305866e-03
        5.18403307e-04 0. 0. 0. 0. 0. 1.03680664e-04 0. 1.03680664e-04
        1.03680664e-04 7.25764665e-04 6.22084015e-04 1.76257137e-02
        4.23017114e-01 3.11042008e-04 0.</data></histogram></_>
  <_><id>5</id>
    <height>1.8293583393096924e-01</height>
    <contour2d>
      5.52841663e-01 -7.98211321e-02 5.52841663e-01 -7.85272866e-02
      5.52275240e-01 -7.57366866e-02 5.45511544e-01 -5.54729849e-02
      4.65058893e-01 1.57028809e-02 4.49827731e-01 1.89304631e-02
      4.47711378e-01 1.89034455e-02 4.42432702e-01 1.79155059e-02
      4.32221860e-01 -2.41365246e-02 4.32034791e-01 -3.04205567e-02
      4.31966305e-01 -5.59322014e-02 4.36505705e-01 -6.50413409e-02
      4.53777730e-01 -8.75106081e-02 4.73331273e-01 -1.01855271e-01
      4.85899895e-01 -1.06717065e-01 5.50612688e-01 -8.08964595e-02</contour2d>
    <histogram type_id="opencv-matrix">
      <rows>20</rows>
      <cols>1</cols>
      <dt>f</dt>
      <data>
        1.89037904e-01 3.33177835e-01 9.38775465e-02 2.79883388e-03
        3.49854236e-04 0. 1.16618074e-04 1.16618074e-04 1.16618074e-04
        0. 1.16618074e-04 0. 1.16618074e-04 1.16618074e-04
        1.16618074e-04 1.04956271e-03 2.40233224e-02 3.54518950e-01
        3.49854236e-04 0.</data></histogram></_>
  <_><id>6</id>
    <height>1.9251203536987305e-01</height>
    <contour2d>
      4.93458301e-01 -6.68169260e-02 4.95004475e-01 -6.56183735e-02
      4.95777547e-01 -6.44190833e-02 4.95777547e-01 -6.20190091e-02
      4.95106757e-01 -5.59377968e-02 4.89040017e-01 -1.51685122e-02
      4.48154330e-01 4.85396162e-02 4.37931687e-01 6.11540079e-02
      4.33166921e-01 6.08734749e-02 4.32962447e-01 5.88164590e-02
      4.32559252e-01 2.54549198e-02 4.32830870e-01 1.28147500e-02
      4.33160067e-01 1.03751421e-02 4.59848881e-01 -4.56036553e-02
      4.64994073e-01 -5.01823612e-02 4.88590717e-01 -6.58008754e-02
      4.90365952e-01 -6.68140054e-02</contour2d>
    <histogram type_id="opencv-matrix">
      <rows>20</rows>
      <cols>1</cols>
      <dt>f</dt>
      <data>
        1.93519890e-01 2.68483073e-01 7.80559629e-02 4.86008869e-03
        8.83652479e-04 1.47275408e-04 0. 0. 0. 0. 0. 0. 0. 0.
        1.47275408e-04 1.32547866e-03 2.82768793e-02 4.23858613e-01
        4.41826240e-04 0.</data></histogram></_>
  <_><id>7</id>
    <height>1.9211900234222412e-01</height>
    <contour2d>
      4.83429015e-01 -6.49474412e-02 5.15018821e-01 -5.22298031e-02
      5.15018821e-01 -4.93781827e-02 4.83573198e-01 6.54887557e-02
      4.81354147e-01 7.20378086e-02 4.77722347e-01 8.03320557e-02
      4.76579964e-01 8.18841830e-02 4.75036055e-01 8.18856433e-02
      4.74264085e-01 8.06880966e-02 4.67461228e-01 5.61577156e-02
      4.65675205e-01 4.87989001e-02 4.69723940e-01 -2.71394849e-02
      4.74461913e-01 -5.41277342e-02 4.78490561e-01 -6.16463646e-02
      4.81331408e-01 -6.42203316e-02 4.82663751e-01 -6.49467185e-02</contour2d>
    <histogram type_id="opencv-matrix">
      <rows>20</rows>
      <cols>1</cols>
      <dt>f</dt>
      <data>
        1.70125663e-01 2.95355082e-01 8.01920146e-02 5.08259237e-03
        4.23549354e-04 0. 0. 0. 0. 0. 0. 0. 0. 1.41183118e-04
        4.23549354e-04 8.47098709e-04 1.94832701e-02 4.27502483e-01
        4.23549354e-04 0.</data></histogram></_>
  <_><id>8</id>
    <height>1.9017195701599121e-01</height>
    <contour2d>
      5.49694240e-01 7.38370493e-02 5.48004866e-01 7.38386512e-02
      5.34690082e-01 6.93388209e-02 5.08227289e-01 5.87632097e-02
      4.73194599e-01 1.89674068e-02 4.72344309e-01 1.76483393e-02
      4.62910235e-01 -8.06219410e-04 4.61142659e-01 -4.59595351e-03
      4.55213666e-01 -2.06088778e-02 4.51773703e-01 -3.06980815e-02
