<?xml version="1.0"?>
<opencv_storage>
<obj>
  <_><id>0</id>
    <height>1.5624880790710449e-01</height>
    <contour2d>
      7.37369061e-01 1.19544506e-01 6.50396943e-01 1.10323213e-01
      6.39022231e-01 1.07933119e-01 6.06216371e-01 9.91069674e-02
      5.90039015e-01 9.43877026e-02 5.87018549e-01 9.24833119e-02
      5.70226371e-01 7.53336921e-02 5.65666139e-01 4.25120071e-02
      5.73433578e-01 2.08728500e-02 6.07553482e-01 -5.80233196e-03
      6.10826969e-01 -7.54054915e-03 6.24229968e-01 -9.47837252e-03
      6.52772307e-01 -9.91042145e-03 6.64804935e-01 4.75975312e-03</contour2d>
    <histogram type_id="opencv-matrix">
      <rows>20</rows>
      <cols>1</cols>
      <dt>f</dt>
      <data>
        8.31255224e-04 0. 0. 0. 0. 0. 0. 0. 0. 1.02244392e-01 0. 0. 0.
        0. 0. 0. 0. 0. 2.16957614e-01 6.79966748e-01</data></histogram></_>
  <_><id>1</id>
    <height>1.5148818492889404e-01</height>
    <contour2d>
      8.44093442e-01 1.77515432e-01 8.13420773e-01 1.81704193e-01
      7.49355018e-01 1.72204494e-01 6.31182313e-01 1.44454569e-01
      5.98064303e-01 1.34113222e-01 5.74244976e-01 1.25681341e-01
      5.65180838e-01 1.21838391e-01 5.39155662e-01 1.07349806e-01
      5.35016716e-01 1.04796648e-01 5.34361184e-01 1.03773803e-01
      5.32946706e-01 9.99530628e-02 5.36520123e-01 8.38407651e-02
      5.44381082e-01 7.81442299e-02 5.52207053e-01 7.44988397e-02
      5.55510104e-01 7.34505653e-02 5.60454965e-01 7.24820569e-02
      5.73249042e-01 7.26466328e-02 5.82732677e-01 7.35371932e-02
      6.59273863e-01 8.25795680e-02 6.68381393e-01 8.37502554e-02
      7.96420217e-01 1.15431018e-01 8.10778975e-01 1.23713709e-01
      8.43258202e-01 1.65484890e-01</contour2d>
    <histogram type_id="opencv-matrix">
      <rows>20</rows>
      <cols>1</cols>
      <dt>f</dt>
      <data>
        0. 0. 0. 0. 0. 0. 0. 0. 0. 1.07375272e-01 0. 0. 0. 0. 0. 0. 0.
        0. 5.32537997e-01 3.60086769e-01</data></histogram></_>
  <_><id>2</id>
    <height>1.6239368915557861e-01</height>
    <contour2d>
      7.10725963e-01 1.58466026e-01 6.26588404e-01 1.50827944e-01
      5.85752606e-01 1.37793422e-01 5.75389504e-01 1.33323610e-01
      5.41009486e-01 1.05149232e-01 5.39526105e-01 1.03106119e-01
      5.28565288e-01 5.76622002e-02 5.29192865e-01 5.43091260e-02
      5.43317616e-01 3.78240235e-02 5.56789517e-01 3.04567032e-02
      5.64075351e-01 2.75890566e-02 5.68468392e-01 2.62581259e-02
      5.79898179e-01 2.52578817e-02 5.91567218e-01 2.58123148e-02
      6.05015695e-01 2.66705845e-02 6.26052618e-01 2.98713446e-02
      6.44834578e-01 3.31533998e-02</contour2d>
    <histogram type_id="opencv-matrix">
      <rows>20</rows>
      <cols>1</cols>
      <dt>f</dt>
      <data>
        7.45156489e-04 0. 0. 0. 0. 0. 0. 0. 0. 5.80476880e-01 0. 0. 0.
        0. 0. 0. 0. 0. 2.88375556e-01 1.30402386e-01</data></histogram></_>
  <_><id>3</id>
    <height>1.6010642051696777e-01</height>
    <contour2d>
      6.80084169e-01 1.52699888e-01 5.75219095e-01 1.27860799e-01
      5.59718430e-01 1.23406872e-01 5.43992102e-01 1.17755398e-01
      5.42025328e-01 1.16867103e-01 5.37906408e-01 1.14280239e-01
      5.32094181e-01 1.06291533e-01 5.22569716e-01 8.30506384e-02
      5.21581471e-01 7.95241371e-02 5.23272514e-01 7.42552355e-02
      5.24666548e-01 7.11539835e-02 5.58550179e-01 4.00398113e-02
      5.64177215e-01 3.88002917e-02 5.92808366e-01 3.44558768e-02
      6.02205455e-01 3.33035141e-02 6.20755494e-01 3.26442830e-02
      6.29784048e-01 3.28594521e-02 6.60295188e-01 3.45270894e-02
      6.76517308e-01 3.70848440e-02 6.81142211e-01 4.03298028e-02</contour2d>
    <histogram type_id="opencv-matrix">
      <rows>20</rows>
      <cols>1</cols>
      <dt>f</dt>
      <data>
        0. 0. 0. 0. 0. 0. 0. 0. 0. 5.63411951e-01 0. 0. 0. 0. 0. 0. 0.
        0. 4.08529758e-01 2.80583631e-02</data></histogram></_>
  <_><id>4</id>
    <height>1.5272712707519531e-01</height>
    <contour2d>
      8.71700227e-01 2.01749310e-01 8.67646873e-01 2.04141036e-01
      8.35428357e-01 2.00293392e-01 8.18888068e-01 1.97104514e-01
      7.45102584e-01 1.79922864e-01 7.01419532e-01 1.69496998e-01
      6.26433790e-01 1.47287831e-01 6.09947920e-01 1.40933886e-01
      5.97525537e-01 1.35774940e-01 5.90036273e-01 1.31995261e-01
      5.68860829e-01 1.18172564e-01 5.51600814e-01 1.00183271e-01
      5.52349448e-01 8.93115178e-02 5.54634035e-01 8.17139521e-02
      5.67382753e-01 5.99652492e-02 5.68335950e-01 5.86735941e-02
      5.73540688e-01 5.74994981e-02 5.82906425e-01 5.65919876e-02
      6.25939906e-01 5.99900074e-02 6.67517781e-01 6.35219738e-02
      6.71939433e-01 6.53721690e-02 8.66713881e-01 1.60407662e-01
      8.73831272e-01 1.75833434e-01 8.73657405e-01 1.89300448e-01</contour2d>
    <histogram type_id="opencv-matrix">
      <rows>20</rows>
      <cols>1</cols>
      <dt>f</dt>
      <data>
        2.24719103e-02 0. 0. 0. 0. 0. 0. 0. 0. 1.79775283e-01 0. 0. 0.
        0. 0. 0. 0. 0. 4.42883909e-01 3.54868919e-01</data></histogram></_>
  <_><id>5</id>
    <height>1.6009557247161865e-01</height>
    <contour2d>
      8.56398344e-01 2.21966669e-01 8.24738801e-01 2.19643712e-01
      6.43468380e-01 1.62153602e-01 6.12199664e-01 1.51355326e-01
      6.01622343e-01 1.46870136e-01 5.68038762e-01 1.24056950e-01
      5.65154135e-01 1.13091208e-01 5.64317584e-01 1.02852240e-01
      5.85160375e-01 7.47925788e-02 5.88667274e-01 7.12014437e-02
      5.91134250e-01 6.97442740e-02 6.03698432e-01 6.68487176e-02
      6.10179126e-01 6.56115189e-02 6.31297827e-01 6.27076626e-02
      6.43915355e-01 6.20415285e-02 6.72215939e-01 6.41069710e-02
      7.04208374e-01 6.73900321e-02 8.63352835e-01 8.66341963e-02
      8.61916780e-01 1.21446997e-01 8.57526302e-01 2.06440091e-01</contour2d>
    <histogram type_id="opencv-matrix">
      <rows>20</rows>
      <cols>1</cols>
      <dt>f</dt>
      <data>
        2.00400818e-02 0. 0. 0. 0. 0. 0. 0. 0. 1.12892456e-01 0. 0. 0.
        0. 0. 0. 0. 0. 2.33800948e-01 6.33266568e-01</data></histogram></_></obj>
</opencv_storage>
