<?xml version="1.0"?>
<opencv_storage>
<obj>
  <_><id>1</id>
    <height>1.4702028036117554e-01</height>
    <contour2d>
      5.35859108e-01 -1.52515080e-02 5.36528826e-01 -8.73320177e-03
      5.36528826e-01 -7.42546096e-03 5.36179006e-01 -4.82118037e-03
      5.32841504e-01 8.23556725e-03 5.28168917e-01 1.71908066e-02
      5.14438689e-01 2.21498888e-02 5.10179937e-01 2.33021099e-02
      4.93404150e-01 2.39028353e-02 4.85981882e-01 1.61610916e-02
      4.82538342e-01 9.33123659e-03 4.81308192e-01 4.15773271e-03
      4.80852604e-01 -3.29457992e-03 4.81287271e-01 -1.36258481e-02
      4.81764287e-01 -1.67411044e-02 4.83140171e-01 -2.33077314e-02
      4.88509089e-01 -3.09188720e-02 4.92981702e-01 -3.51586342e-02
      4.99630898e-01 -3.49894799e-02 5.11817694e-01 -3.39052230e-02
      5.23181200e-01 -3.05471811e-02</contour2d>
    <histogram type_id="opencv-matrix">
      <rows>20</rows>
      <cols>1</cols>
      <dt>f</dt>
      <data>
        2.75027510e-02 2.58525848e-01 5.68756878e-01 3.90539058e-02
        6.05060486e-03 1.10011001e-03 5.50055003e-04 3.85038508e-03
        3.85038508e-03 4.95049497e-03 1.32013205e-02 1.65016502e-02
        1.15511548e-02 9.90098994e-03 7.70077016e-03 2.75027496e-03
        3.85038508e-03 7.70077016e-03 1.26512647e-02 0.</data></histogram></_>
  <_><id>2</id>
    <height>1.4618110656738281e-01</height>
    <contour2d>
      5.34489632e-01 -2.19720695e-03 5.33335209e-01 1.74002033e-02
      5.31506479e-01 2.89979521e-02 5.27003467e-01 3.27653289e-02
      5.20371079e-01 3.64037417e-02 5.15093923e-01 3.88190113e-02
      4.90716755e-01 4.23305631e-02 4.89898950e-01 4.23313379e-02
      4.87831116e-01 4.09501977e-02 4.80910778e-01 3.22875082e-02
      4.74044859e-01 9.72755160e-03 4.74044859e-01 8.40768032e-03
      4.75252658e-01 4.64663981e-03 4.87015367e-01 -1.22222872e-02
      4.91988391e-01 -1.88606270e-02 4.93771732e-01 -1.88623145e-02
      4.98702943e-01 -1.80129800e-02 5.30811131e-01 -4.79896273e-03</contour2d>
    <histogram type_id="opencv-matrix">
      <rows>20</rows>
      <cols>1</cols>
      <dt>f</dt>
      <data>
        3.39195989e-02 2.51884431e-01 6.10552728e-01 2.63819098e-02
        1.88442203e-03 1.25628139e-03 0. 6.28140697e-04 3.14070354e-03
        6.28140697e-04 8.16582888e-03 1.13065327e-02 3.76884406e-03
        8.79396964e-03 5.02512557e-03 6.90954784e-03 6.28140708e-03
        8.16582888e-03 1.13065327e-02 0.</data></histogram></_>
  <_><id>3</id>
    <height>1.4726662635803223e-01</height>
    <contour2d>
      5.30811191e-01 2.65444126e-02 5.28995931e-01 3.02993320e-02
      5.18392086e-01 4.13757451e-02 5.16085565e-01 4.25992906e-02
      5.07568181e-01 4.46675979e-02 5.02364755e-01 4.57455590e-02
      4.89099681e-01 4.69056480e-02 4.86605883e-01 4.69080061e-02
      4.84890103e-01 4.56345752e-02 4.78178531e-01 3.79472636e-02
      4.73045021e-01 2.76728552e-02 4.68231320e-01 1.61116552e-02
      4.69070375e-01 1.22033479e-02 4.69830155e-01 9.55747813e-03
      4.79061246e-01 -9.67003684e-03 4.86757159e-01 -1.32223647e-02
      4.88591969e-01 -1.34015763e-02 5.02681136e-01 -9.69236810e-03
      5.13615131e-01 -5.96944336e-03 5.18884480e-01 -3.42997559e-03
      5.23350656e-01 4.28548735e-03 5.30811191e-01 2.39324551e-02</contour2d>
    <histogram type_id="opencv-matrix">
      <rows>20</rows>
      <cols>1</cols>
      <dt>f</dt>
      <data>
        7.34292194e-02 3.05828929e-01 5.14761567e-01 2.80090831e-02
        6.05601817e-03 1.51400454e-03 7.57002272e-04 0. 7.57002272e-04
        1.51400454e-03 7.57002272e-04 1.51400454e-03 6.81302045e-03
        9.84102953e-03 5.29901590e-03 2.27100682e-03 1.43830432e-02
        2.42240727e-02 2.27100682e-03 0.</data></histogram></_>
  <_><id>4</id>
    <height>1.4758664369583130e-01</height>
    <contour2d>
      5.18715262e-01 3.51201929e-02 5.10998964e-01 4.49124202e-02
      5.07891357e-01 4.61228490e-02 4.96865034e-01 4.78655547e-02
      4.86750335e-01 4.86291796e-02 4.80776787e-01 4.78807651e-02
      4.78726864e-01 4.65030856e-02 4.77303028e-01 4.39520255e-02
      4.71013010e-01 2.88306493e-02 4.70468044e-01 2.52347607e-02
      4.69391346e-01 9.49094724e-03 4.79059547e-01 -5.90696977e-03
      4.80327398e-01 -7.29882671e-03 4.83994305e-01 -9.56075266e-03
      4.90327060e-01 -1.26610426e-02 4.98894989e-01 -1.35352705e-02
      5.15918314e-01 -3.41921602e-03 5.17567456e-01 -2.14087171e-03
      5.24012566e-01 4.29130392e-03 5.24012625e-01 1.84850823e-02</contour2d>
    <histogram type_id="opencv-matrix">
      <rows>20</rows>
      <cols>1</cols>
      <dt>f</dt>
      <data>
        6.32090718e-02 2.89303064e-01 4.97568876e-01 3.40356566e-02
        6.48298208e-03 8.10372760e-04 8.10372760e-04 8.10372760e-04
        3.24149104e-03 1.62074552e-03 1.62074552e-03 2.43111840e-03
        6.48298208e-03 4.05186368e-03 6.48298208e-03 1.13452189e-02
        3.07941642e-02 3.48460302e-02 4.05186368e-03 0.</data></histogram></_>
  <_><id>5</id>
    <height>1.4669412374496460e-01</height>
    <contour2d>
      5.13206303e-01 6.23669550e-02 5.12375057e-01 6.23677410e-02
      4.83740449e-01 5.47487848e-02 4.72334743e-01 4.22308557e-02
      4.70703542e-01 3.84343192e-02 4.67905432e-01 2.25629508e-02
      4.69759345e-01 9.93244071e-03 4.82189298e-01 -8.94400757e-03
      4.92910266e-01 -9.29279625e-03 4.97327387e-01 -7.14033563e-03
      5.09360909e-01 4.20580676e-04 5.16085505e-01 5.53189311e-03
      5.21198928e-01 1.19854389e-02 5.24012625e-01 1.59044135e-02
      5.24012625e-01 2.36464478e-02 5.23181379e-01 3.65506671e-02</contour2d>
    <histogram type_id="opencv-matrix">
      <rows>20</rows>
      <cols>1</cols>
      <dt>f</dt>
      <data>
        5.42510115e-02 3.19838047e-01 4.76113349e-01 3.07692308e-02
        4.04858310e-03 8.09716585e-04 8.09716585e-04 2.42914981e-03
        1.61943317e-03 4.85829962e-03 4.85829962e-03 1.29554654e-02
        8.09716620e-03 1.78137645e-02 1.05263153e-02 7.28744920e-03
        1.45748984e-02 2.42914967e-02 4.04858310e-03 0.</data></histogram></_>
  <_><id>6</id>
    <height>1.4658141136169434e-01</height>
    <contour2d>
      5.22520602e-01 4.29444611e-02 5.09843588e-01 4.88616712e-02
      4.96214509e-01 4.93906885e-02 4.80436206e-01 4.92726751e-02
      4.75950330e-01 4.66366857e-02 4.73150343e-01 4.34961170e-02
      4.69980597e-01 3.40202898e-02 4.68626618e-01 2.51286067e-02
      4.68626618e-01 2.38938313e-02 4.69422072e-01 1.64844543e-02
      4.70217496e-01 1.15446290e-02 4.79226142e-01 -6.29457319e-03
      4.85339642e-01 -7.55162816e-03 4.95875597e-01 -7.12977583e-03
      5.15262008e-01 4.25448036e-03 5.22520483e-01 1.07293045e-02
      5.24012625e-01 2.75174938e-02 5.24012625e-01 3.26788612e-02</contour2d>
    <histogram type_id="opencv-matrix">
      <rows>20</rows>
      <cols>1</cols>
      <dt>f</dt>
      <data>
        4.55284528e-02 3.25203240e-01 5.37398338e-01 3.82113829e-02
        8.13008111e-04 0. 0. 1.62601622e-03 8.13008111e-04
        8.13008111e-04 4.87804879e-03 5.69105661e-03 8.13008111e-04
        6.50406489e-03 2.43902439e-03 3.25203245e-03 1.30081298e-02
        1.21951215e-02 8.13008111e-04 0.</data></histogram></_>
  <_><id>7</id>
    <height>1.4776366949081421e-01</height>
    <contour2d>
      5.26485264e-01 9.51730460e-03 5.26485324e-01 1.21153416e-02
      5.21690428e-01 3.65022123e-02 5.16085565e-01 4.25992906e-02
      5.08709192e-01 4.73915860e-02 5.05774319e-01 4.85293902e-02
      4.85144258e-01 4.89873812e-02 4.77033585e-01 4.87191975e-02
      4.71928298e-01 4.53918166e-02 4.71123844e-01 4.41439152e-02
      4.67035711e-01 2.88344100e-02 4.66785192e-01 2.62520127e-02
      4.66785192e-01 2.13337783e-02 4.67252523e-01 1.37493601e-02
      4.68392938e-01 9.79984179e-03 4.75596994e-01 -8.41341261e-03
      4.79743600e-01 -9.06186365e-03 4.82332349e-01 -9.09708254e-03
      5.05939066e-01 -2.10970966e-03 5.24988770e-01 8.20803456e-03</contour2d>
    <histogram type_id="opencv-matrix">
      <rows>20</rows>
      <cols>1</cols>
      <dt>f</dt>
