<?xml version="1.0"?>
<opencv_storage>
<obj>
  <_><id>1</id>
    <height>1.0823136568069458e-01</height>
    <contour2d>
      6.19816422e-01 2.93639358e-02 6.14802182e-01 2.93025579e-02
      6.05440378e-01 2.60266289e-02 6.02945447e-01 2.44356748e-02
      5.97743928e-01 1.98799353e-02 5.94417334e-01 1.02798594e-02
      5.91718197e-01 -1.03757076e-03 5.92451990e-01 -7.35445693e-03
      6.02024436e-01 -3.34263928e-02 6.08363807e-01 -3.50490101e-02
      6.18556678e-01 -3.46091315e-02 6.22311354e-01 -3.30137350e-02
      6.42566621e-01 -2.20754538e-02 6.47082686e-01 -9.20449756e-03
      6.48383081e-01 1.19301844e-02 6.47108436e-01 1.35582210e-02
      6.23579204e-01 2.77603772e-02</contour2d>
    <histogram type_id="opencv-matrix">
      <rows>20</rows>
      <cols>1</cols>
      <dt>f</dt>
      <data>
        8.62409472e-02 6.71494380e-02 2.43581291e-02 1.11915730e-02 0.
        0. 0. 0. 6.58327830e-04 5.26662264e-03 8.55826214e-03
        1.05332453e-02 4.67412770e-02 1.44173801e-01 1.34957209e-01
        1.91573396e-01 1.65898606e-01 7.04410747e-02 0. 3.22580636e-02</data></histogram></_>
  <_><id>2</id>
    <height>1.0731041431427002e-01</height>
    <contour2d>
      6.55448616e-01 1.35976700e-02 6.53481841e-01 2.00632438e-02
      6.45097077e-01 2.79910695e-02 6.31819367e-01 3.95186059e-02
      6.26731575e-01 3.95218208e-02 6.09782279e-01 3.73763107e-02
      6.08528018e-01 3.57759185e-02 5.87481737e-01 5.55918599e-03
      5.87481737e-01 2.24911957e-03 6.05449915e-01 -2.64696311e-02
      6.20347500e-01 -2.66302526e-02 6.29915118e-01 -2.52976120e-02
      6.36240900e-01 -2.20714565e-02 6.43266797e-01 -1.73209999e-02
      6.48354650e-01 -1.24528799e-02 6.50932431e-01 -9.22574475e-03
      6.52207077e-01 -4.34479443e-03</contour2d>
    <histogram type_id="opencv-matrix">
      <rows>20</rows>
      <cols>1</cols>
      <dt>f</dt>
      <data>
        9.84556004e-02 2.76705287e-02 1.28700130e-03 6.43500651e-04 0.
        0. 0. 0. 0. 6.43500651e-04 7.07850698e-03 1.35135138e-02
        3.60360369e-02 1.51222646e-01 1.70527667e-01 2.40025744e-01
        1.49935648e-01 7.07850680e-02 0. 3.21750343e-02</data></histogram></_>
  <_><id>3</id>
    <height>6.1160326004028320e-02</height>
    <contour2d>
      9.72679615e-01 5.12307227e-01 9.74736214e-01 5.14234185e-01
      9.74829853e-01 5.35449982e-01 9.74554479e-01 5.67184865e-01
      9.74129856e-01 5.68740726e-01 9.73064899e-01 5.67185819e-01
      9.69764948e-01 5.60028970e-01 9.64539468e-01 5.46708703e-01</contour2d>
    <histogram type_id="opencv-matrix">
      <rows>20</rows>
      <cols>1</cols>
      <dt>f</dt>
      <data>
        3.58208954e-01 6.11940265e-01 0. 0. 0. 0. 0. 0. 0. 0. 0. 0. 0.
        0. 0. 0. 1.49253728e-02 1.49253728e-02 0. 0.</data></histogram></_>
  <_><id>4</id>
    <height>1.0642725229263306e-01</height>
    <contour2d>
      6.71118379e-01 8.36956799e-02 6.74625695e-01 8.51665884e-02
      6.82172239e-01 9.00961310e-02 6.86798632e-01 9.37050506e-02
      7.04196751e-01 1.11950174e-01 7.04196751e-01 1.13638215e-01
      6.91266477e-01 1.34870335e-01 6.84715033e-01 1.44521371e-01
      6.83418632e-01 1.46177202e-01 6.57864869e-01 1.47732496e-01
      6.51795983e-01 1.44799188e-01 6.44559324e-01 1.22586012e-01
      6.44496620e-01 1.13339156e-01 6.48442507e-01 1.03939846e-01
      6.56143606e-01 9.23502743e-02 6.60667777e-01 8.61195996e-02
      6.61357760e-01 8.58504102e-02</contour2d>
    <histogram type_id="opencv-matrix">
      <rows>20</rows>
      <cols>1</cols>
      <dt>f</dt>
      <data>
        1.11185983e-01 4.91913743e-02 1.14555256e-02 1.34770887e-03 0.
        0. 0. 6.73854433e-04 6.73854433e-04 0. 2.02156324e-03
        9.43396240e-03 3.43665779e-02 1.75876006e-01 1.88005388e-01
        1.67789757e-01 1.42183289e-01 7.54716992e-02 0. 3.03234495e-02</data></histogram></_>
  <_><id>5</id>
    <height>1.0772228240966797e-01</height>
    <contour2d>
      6.38098240e-01 7.45906755e-02 6.16053879e-01 7.88314864e-02
      6.05440497e-01 7.85798728e-02 6.01264119e-01 7.64746368e-02
      6.00876808e-01 7.60703906e-02 5.90247095e-01 5.83949499e-02
      5.89714050e-01 5.66034801e-02 5.89748204e-01 4.77668568e-02
      5.91718316e-01 3.71829458e-02 5.96874774e-01 2.38853581e-02
      6.00266039e-01 1.98783409e-02 6.01697981e-01 1.96589082e-02
      6.12918496e-01 1.96081102e-02 6.26087725e-01 2.13539414e-02
      6.33030891e-01 2.46331673e-02 6.36805952e-01 2.78436299e-02
      6.40620291e-01 3.75616029e-02 6.43831968e-01 5.86787537e-02
      6.43831968e-01 6.02938607e-02 6.43142521e-01 6.33182451e-02
      6.39322758e-01 7.28216767e-02</contour2d>
    <histogram type_id="opencv-matrix">
      <rows>20</rows>
      <cols>1</cols>
      <dt>f</dt>
      <data>
        6.72268942e-02 4.55182083e-02 1.61064435e-02 4.90196096e-03 0.
        0. 0. 0. 0. 7.00280129e-04 4.20168089e-03 1.40056023e-02
        3.50140072e-02 1.47058830e-01 1.38655469e-01 2.07983196e-01
        1.84873953e-01 8.61344561e-02 0. 4.76190485e-02</data></histogram></_>
  <_><id>6</id>
    <height>1.0311156511306763e-01</height>
    <contour2d>
      6.38771355e-01 5.54517433e-02 6.12918615e-01 7.84029290e-02
      6.10430360e-01 8.01692531e-02 6.04765296e-01 8.06120634e-02
      5.91511011e-01 7.40393326e-02 5.88953495e-01 7.24084750e-02
      5.87674737e-01 7.07768127e-02 5.78331828e-01 5.39884456e-02
      5.78400135e-01 4.12302874e-02 5.79625845e-01 3.49705704e-02
      5.80269516e-01 3.32929716e-02 5.82712770e-01 2.86128353e-02
      5.90177417e-01 1.82748213e-02 5.92699587e-01 1.66633297e-02
      5.94213188e-01 1.64785795e-02 6.01117790e-01 1.63087994e-02
      6.07307374e-01 1.79220196e-02 6.22904897e-01 2.44230628e-02
      6.26066148e-01 2.60999948e-02 6.31772578e-01 3.10596209e-02
      6.33030891e-01 3.42716686e-02</contour2d>
    <histogram type_id="opencv-matrix">
      <rows>20</rows>
      <cols>1</cols>
      <dt>f</dt>
      <data>
        6.39419928e-02 2.70270258e-02 9.22874082e-03 6.59195764e-04 0.
        0. 0. 0. 0. 6.59195764e-04 4.61437041e-03 1.25247194e-02
        4.08701375e-02 1.56229392e-01 1.12722479e-01 2.43243232e-01
        1.90507576e-01 8.37178603e-02 0. 5.40540516e-02</data></histogram></_>
  <_><id>7</id>
    <height>1.0497331619262695e-01</height>
    <contour2d>
      5.91264069e-01 3.17264944e-02 5.86377800e-01 3.94383557e-02
      5.61010540e-01 5.42733558e-02 5.53830624e-01 5.41543067e-02
      5.49072146e-01 5.25054447e-02 5.44715583e-01 4.85196561e-02
      5.38297951e-01 4.02861387e-02 5.33193171e-01 2.77727582e-02
      5.32416105e-01 2.37766095e-02 5.35562873e-01 6.59435848e-03
      5.42971790e-01 -4.05332120e-03 5.50208926e-01 -8.82344134e-03
      5.54415405e-01 -8.95779859e-03 5.61010361e-01 -8.67034681e-03
      5.70021212e-01 -5.62346494e-03 5.77265143e-01 -2.55210488e-03
      5.86372495e-01 1.14030782e-02 5.91253340e-01 2.54308023e-02</contour2d>
    <histogram type_id="opencv-matrix">
      <rows>20</rows>
      <cols>1</cols>
      <dt>f</dt>
      <data>
        7.63027295e-02 3.47394533e-02 5.58312656e-03 3.10173701e-03 0.
        0. 0. 0. 0. 0. 6.20347401e-03 1.73697267e-02 4.34243158e-02
        1.40198514e-01 1.20347396e-01 2.14640200e-01 1.98511168e-01
        9.55334976e-02 0. 4.40446660e-02</data></histogram></_>
  <_><id>8</id>
    <height>1.0431790351867676e-01</height>
    <contour2d>
      4.93463755e-01 9.47915167e-02 4.65576887e-01 1.06564924e-01
      4.45163846e-01 9.77753848e-02 4.41623151e-01 9.57354382e-02
      4.40668285e-01 9.40477103e-02 4.40055072e-01 8.32500830e-02
      4.40451443e-01 6.84855580e-02 4.42577899e-01 6.36779964e-02
      4.53231275e-01 4.20989841e-02 4.58018959e-01 4.17877063e-02
      4.61361349e-01 4.17855941e-02 4.75610673e-01 4.50600497e-02
      4.87943709e-01 5.38001433e-02 4.91326988e-01 5.95567822e-02
      4.95735526e-01 6.86879978e-02 4.95690465e-01 8.92035365e-02
      4.94599640e-01 9.33406726e-02</contour2d>
    <histogram type_id="opencv-matrix">
      <rows>20</rows>
