<?xml version="1.0"?>
<opencv_storage>
<obj>
  <_><id>0</id>
    <height>1.3740730285644531e-01</height>
    <contour2d>
      6.58137381e-01 1.49041787e-01 6.39020145e-01 1.43827647e-01
      5.84641397e-01 1.28341228e-01 5.65588057e-01 1.22422263e-01
      5.44483900e-01 1.15427189e-01 5.36147296e-01 1.11747332e-01
      5.35065591e-01 1.10073924e-01 5.34550309e-01 1.08411990e-01
      5.33491611e-01 1.02872886e-01 5.32720625e-01 9.75937843e-02
      5.31970441e-01 8.25176165e-02 5.31751335e-01 7.23021775e-02
      5.31852067e-01 4.91506830e-02 5.33205390e-01 3.93614769e-02
      5.36352158e-01 3.80276144e-02 5.39296567e-01 3.70355844e-02
      5.50270975e-01 3.59131806e-02 6.22737288e-01 3.82659510e-02
      6.37666643e-01 3.92660424e-02 6.45764232e-01 4.16214354e-02
      6.53032541e-01 5.71019426e-02</contour2d>
    <histogram type_id="opencv-matrix">
      <rows>20</rows>
      <cols>1</cols>
      <dt>f</dt>
      <data>
        0. 0. 0. 0. 0. 0. 0. 0. 0. 0. 0. 0. 0. 0. 0. 0. 0. 0.
        6.38458654e-02 9.36154127e-01</data></histogram></_>
  <_><id>1</id>
    <height>1.3603889942169189e-01</height>
    <contour2d>
      8.43801856e-01 1.23649992e-01 8.32085907e-01 1.51336819e-01
      8.23314309e-01 1.54580951e-01 7.58463383e-01 1.73727378e-01
      7.06746876e-01 1.60092950e-01 6.63575649e-01 1.48191378e-01
      6.47571981e-01 1.43333986e-01 6.25730157e-01 1.36344641e-01
      6.06033921e-01 1.29656866e-01 5.97513378e-01 1.25846505e-01
      5.93121707e-01 1.23289824e-01 5.67631066e-01 1.06149070e-01
      5.59285879e-01 9.97744128e-02 5.36711514e-01 7.79635310e-02
      5.37259579e-01 7.50345513e-02 5.55720627e-01 5.29669449e-02
      5.64268112e-01 4.41509448e-02 5.67738950e-01 4.11125049e-02
      5.70832610e-01 3.97588871e-02 5.79812586e-01 3.88473086e-02
      5.93573153e-01 3.84864211e-02 6.23539627e-01 4.01366688e-02</contour2d>
    <histogram type_id="opencv-matrix">
      <rows>20</rows>
      <cols>1</cols>
      <dt>f</dt>
      <data>
        4.07860614e-03 0. 0. 0. 0. 0. 0. 0. 0. 3.85613665e-02 0. 0. 0.
        0. 0. 0. 0. 0. 1.29032269e-01 8.28327775e-01</data></histogram></_>
  <_><id>2</id>
    <height>1.3764858245849609e-01</height>
    <contour2d>
      8.46076965e-01 1.70092240e-01 8.42707932e-01 1.76915884e-01
      8.36756885e-01 1.81207329e-01 7.94797301e-01 1.80787966e-01
      6.67066097e-01 1.60969883e-01 6.43398821e-01 1.54288009e-01
      6.00820780e-01 1.41175985e-01 5.70176661e-01 1.31291121e-01
      5.55767357e-01 1.25723913e-01 5.51154315e-01 1.23229586e-01
      5.50281346e-01 1.22613370e-01 5.49177289e-01 1.20682485e-01
      5.48627317e-01 1.14069857e-01 5.48570931e-01 8.22040066e-02
      5.49048781e-01 7.83318430e-02 5.50154567e-01 7.71627203e-02
      5.50561011e-01 7.69704282e-02 5.55622339e-01 7.64308646e-02
      5.57777584e-01 7.63493776e-02 5.63477635e-01 7.65332952e-02
      6.60541594e-01 8.10360536e-02 6.96372628e-01 8.39788914e-02
      7.70325661e-01 9.48898494e-02 7.90007055e-01 9.79262367e-02
      8.45362067e-01 1.08862199e-01 8.46926093e-01 1.45577699e-01</contour2d>
    <histogram type_id="opencv-matrix">
      <rows>20</rows>
      <cols>1</cols>
      <dt>f</dt>
      <data>
        2.73224059e-03 0. 0. 0. 0. 0. 0. 0. 0. 4.64480892e-02 0. 0. 0.
        0. 0. 0. 0. 0. 9.67213139e-02 8.54098380e-01</data></histogram></_>
  <_><id>3</id>
    <height>1.3567554950714111e-01</height>
    <contour2d>
      7.20313132e-01 1.86171904e-01 6.95948303e-01 1.78707495e-01
      6.25281692e-01 1.55864626e-01 5.92904806e-01 1.44485727e-01
      5.81847370e-01 1.39684752e-01 5.78116000e-01 1.37215376e-01
      5.75484037e-01 1.34849131e-01 5.62184691e-01 1.20455176e-01
      5.56110859e-01 1.12990990e-01 5.49932837e-01 1.04394786e-01
      5.48729300e-01 1.02560468e-01 5.49152493e-01 1.01089045e-01
      5.50082743e-01 1.00283749e-01 5.87324083e-01 7.38428012e-02
      6.08308077e-01 6.08143397e-02 6.20740235e-01 5.64236008e-02
      6.35657072e-01 5.60550541e-02 6.42355740e-01 5.61732613e-02
      6.51966095e-01 5.67663126e-02 6.71189189e-01 5.83086796e-02
      6.99895144e-01 1.01844050e-01</contour2d>
    <histogram type_id="opencv-matrix">
      <rows>20</rows>
      <cols>1</cols>
      <dt>f</dt>
      <data>
        7.76397530e-04 0. 0. 0. 0. 0. 0. 0. 0. 3.45496908e-02 0. 0. 0.
        0. 0. 0. 0. 0. 7.56987557e-02 8.88975143e-01</data></histogram></_>
  <_><id>4</id>
    <height>1.3704323768615723e-01</height>
    <contour2d>
      6.70353115e-01 1.63365915e-01 5.95245242e-01 1.40394866e-01
      5.70775747e-01 1.32015467e-01 5.65035284e-01 1.29678860e-01
      5.58828056e-01 1.26753852e-01 5.56320071e-01 1.24095105e-01
      5.55893779e-01 1.22405022e-01 5.59281647e-01 6.44915849e-02
      5.59911430e-01 5.59411310e-02 5.60854137e-01 5.37203513e-02
      5.69183230e-01 5.11237048e-02 5.79627514e-01 5.13066277e-02
      6.05905592e-01 5.31909056e-02 6.36747062e-01 5.57624139e-02
      6.67968869e-01 5.92486411e-02 6.72956169e-01 6.03638291e-02
      6.82599306e-01 1.00223139e-01</contour2d>
    <histogram type_id="opencv-matrix">
      <rows>20</rows>
      <cols>1</cols>
      <dt>f</dt>
      <data>
        1.20821595e-03 0. 0. 0. 0. 0. 0. 0. 0. 2.98026595e-02 0. 0. 0.
        0. 0. 0. 0. 0. 5.87998405e-02 9.10189331e-01</data></histogram></_>
  <_><id>6</id>
    <height>1.3642013072967529e-01</height>
    <contour2d>
      7.14734256e-01 1.80273056e-01 6.77809715e-01 1.68990240e-01
      6.10050440e-01 1.47387594e-01 6.06183112e-01 1.46066770e-01
      5.91066301e-01 1.40372574e-01 5.88387311e-01 1.39182746e-01
      5.83359778e-01 1.36578366e-01 5.79706073e-01 1.33719847e-01
      5.66800594e-01 1.16419017e-01 5.41962683e-01 7.42970631e-02
      5.43618798e-01 7.14333728e-02 5.79898477e-01 5.36966957e-02
      5.88059127e-01 5.08893877e-02 5.99634886e-01 4.75359783e-02
      6.13880336e-01 4.75161225e-02 6.30061030e-01 4.83098701e-02
      6.50832057e-01 4.98162210e-02 6.56797409e-01 5.09413108e-02
      6.96533442e-01 1.27614304e-01</contour2d>
    <histogram type_id="opencv-matrix">
      <rows>20</rows>
      <cols>1</cols>
      <dt>f</dt>
      <data>
        1.64113787e-03 0. 0. 0. 0. 0. 0. 0. 0. 2.51641143e-02 0. 0. 0.
        0. 0. 0. 0. 0. 8.42450783e-02 8.88949692e-01</data></histogram></_>
  <_><id>7</id>
    <height>1.3589036464691162e-01</height>
    <contour2d>
      6.90498233e-01 1.43180281e-01 6.69241428e-01 1.47116661e-01
      6.24791086e-01 1.35108232e-01 5.89029789e-01 1.25084087e-01
      5.66503108e-01 1.18248038e-01 5.62628329e-01 1.16913192e-01
      5.51615477e-01 1.12800248e-01 5.48221171e-01 1.10980958e-01
      5.47830939e-01 1.10276595e-01 5.47753453e-01 1.00203335e-01
      5.47998846e-01 9.22589600e-02 5.48888147e-01 7.83349946e-02
      5.50062060e-01 7.01903477e-02 5.51124156e-01 6.71236366e-02
      5.54620445e-01 6.41307384e-02 5.58526993e-01 6.26726672e-02
      5.66335857e-01 6.28015548e-02 5.74173450e-01 6.33747280e-02
      6.12478018e-01 6.72742501e-02 6.78374767e-01 7.56415799e-02
      6.92200124e-01 7.92382658e-02 6.94655716e-01 1.24667458e-01</contour2d>
    <histogram type_id="opencv-matrix">
      <rows>20</rows>
      <cols>1</cols>
      <dt>f</dt>
      <data>
        2.44200253e-03 0. 0. 0. 0. 0. 0. 0. 0. 1.28205130e-02 0. 0. 0.
        0. 0. 0. 0. 0. 1.07448108e-01 8.77289414e-01</data></histogram></_>
  <_><id>8</id>
    <height>1.3583588600158691e-01</height>
    <contour2d>
      8.44845295e-01 1.03905857e-01 8.44291747e-01 1.20717861e-01
      8.43131781e-01 1.35756552e-01 8.02161694e-01 1.77393675e-01
      7.96271324e-01 1.80877119e-01 7.79343426e-01 1.88545555e-01
      7.53386497e-01 1.93037510e-01 7.10071921e-01 1.79817617e-01
      6.16108000e-01 1.50371224e-01 5.95096111e-01 1.42727524e-01
      5.85230112e-01 1.38308704e-01 5.77687681e-01 1.33386880e-01
      5.65533042e-01 1.22906387e-01 5.48266590e-01 1.06440127e-01
      5.47127187e-01 1.04455106e-01 5.47797978e-01 1.02881566e-01
