<?xml version="1.0"?>
<opencv_storage>
<obj>
  <_><id>0</id>
    <height>2.4251937866210938e-02</height>
    <contour2d>
      5.19836664e-01 -7.95965865e-02 5.19836664e-01 -7.85108730e-02
      5.12106597e-01 -3.55974510e-02 4.99681979e-01 -2.04811171e-02
      4.98397827e-01 -1.94188189e-02 4.95634615e-01 -1.83229502e-02
      4.91211176e-01 -1.82222538e-02 4.84272480e-01 -1.91665404e-02
      4.80094731e-01 -2.53571663e-02 4.75557059e-01 -3.55328992e-02
      4.73295122e-01 -4.77902964e-02 4.73295122e-01 -4.98550572e-02
      4.73919898e-01 -5.50176166e-02 4.75794226e-01 -6.53433874e-02
      4.76616234e-01 -6.64981678e-02 4.87043291e-01 -7.33796731e-02
      5.06286323e-01 -7.83342049e-02</contour2d>
    <histogram type_id="opencv-matrix">
      <rows>20</rows>
      <cols>1</cols>
      <dt>f</dt>
      <data>
        1.22699384e-02 4.66257669e-02 2.57668719e-02 9.81595088e-03
        8.58895667e-03 2.45398772e-03 0. 1.22699386e-03 2.45398772e-03
        3.68098170e-03 3.06748468e-02 9.44785252e-02 1.39877304e-01
        5.15337437e-02 8.58895667e-03 3.68098170e-03 3.68098170e-03
        3.68098170e-03 5.50920248e-01 0.</data></histogram></_>
  <_><id>1</id>
    <height>2.4526000022888184e-02</height>
    <contour2d>
      5.20695567e-01 -7.64733180e-02 5.20695567e-01 -7.53856897e-02
      5.12965500e-01 -3.67313251e-02 5.05437911e-01 -2.48613004e-02
      4.98397827e-01 -1.83578674e-02 4.95829523e-01 -1.72942244e-02
      4.89679426e-01 -1.61704049e-02 4.86297190e-01 -1.61386505e-02
      4.81287003e-01 -1.91973373e-02 4.79017049e-01 -2.22642496e-02
      4.75119144e-01 -3.24825570e-02 4.74490881e-01 -3.45580839e-02
      4.71420765e-01 -4.98530939e-02 4.72045541e-01 -5.29508889e-02
      4.75747287e-01 -6.36260659e-02 4.77823466e-01 -6.68640658e-02
      5.01564562e-01 -7.60572329e-02</contour2d>
    <histogram type_id="opencv-matrix">
      <rows>20</rows>
      <cols>1</cols>
      <dt>f</dt>
      <data>
        1.03225810e-02 4.25806455e-02 1.93548389e-02 1.29032265e-02
        6.45161327e-03 5.16129052e-03 1.29032263e-03 0. 0.
        7.74193555e-03 2.83870976e-02 8.38709697e-02 8.77419412e-02
        2.96774209e-02 6.45161327e-03 3.87096778e-03 6.45161327e-03
        5.16129052e-03 6.42580688e-01 0.</data></histogram></_></obj>
</opencv_storage>
