<?xml version="1.0"?>
<opencv_storage>
<obj>
  <_><id>0</id>
    <height>1.5020012855529785e-01</height>
    <contour2d>
      7.30310380e-01 1.36022046e-01 6.60370052e-01 1.21543892e-01
      5.61536074e-01 9.83015299e-02 5.58809459e-01 9.75634232e-02
      5.50485134e-01 9.48026776e-02 5.47668934e-01 9.28381905e-02
      5.45495927e-01 9.03516263e-02 5.42061865e-01 8.59589204e-02
      5.35074830e-01 7.08716437e-02 5.34753799e-01 6.88675120e-02
      5.36009371e-01 6.73604086e-02 5.47426522e-01 5.92699535e-02
      5.54235518e-01 5.81975840e-02 5.62617004e-01 5.86084016e-02
      5.71304142e-01 5.92555068e-02 6.33721530e-01 6.47050291e-02
      6.69711053e-01 6.81402013e-02</contour2d>
    <histogram type_id="opencv-matrix">
      <rows>20</rows>
      <cols>1</cols>
      <dt>f</dt>
      <data>
        1.21376812e-01 0. 0. 0. 0. 0. 0. 0. 0. 2.64492750e-01 0. 0. 0.
        0. 0. 0. 0. 0. 2.29166672e-01 3.84963781e-01</data></histogram></_>
  <_><id>1</id>
    <height>1.5017151832580566e-01</height>
    <contour2d>
      7.89245427e-01 1.28502741e-01 7.71642566e-01 1.41969860e-01
      7.65429378e-01 1.43620059e-01 6.70983195e-01 1.22959740e-01
      5.89198947e-01 1.02003574e-01 5.75963855e-01 9.84022021e-02
      5.57847738e-01 9.26114246e-02 5.52818775e-01 9.00462419e-02
      5.47120333e-01 8.58118013e-02 5.43976963e-01 8.24648961e-02
      5.42752564e-01 8.04473460e-02 5.42053759e-01 7.71494955e-02
      5.42283714e-01 7.56001323e-02 5.42795718e-01 7.40948766e-02
      5.45981526e-01 7.30101094e-02 5.52346587e-01 7.23963231e-02
      5.64236760e-01 7.23325238e-02 5.78506947e-01 7.27806091e-02
      6.00028574e-01 7.41753727e-02 6.38636470e-01 7.78254196e-02
      6.94530606e-01 8.46956521e-02 7.56602108e-01 9.63880196e-02
      7.71700561e-01 1.00658000e-01 7.86083519e-01 1.07208401e-01</contour2d>
    <histogram type_id="opencv-matrix">
      <rows>20</rows>
      <cols>1</cols>
      <dt>f</dt>
      <data>
        1.47562578e-01 0. 0. 0. 0. 0. 0. 0. 0. 2.71409750e-01 0. 0. 0.
        0. 0. 0. 0. 0. 5.38866937e-01 4.21607383e-02</data></histogram></_>
  <_><id>2</id>
    <height>1.4962005615234375e-01</height>
    <contour2d>
      8.13949287e-01 1.39090732e-01 8.07196081e-01 1.45087659e-01
      7.98142612e-01 1.48154527e-01 7.82384813e-01 1.52436703e-01
      7.64676809e-01 1.50230289e-01 7.06833661e-01 1.36815265e-01
      6.73150361e-01 1.28663853e-01 5.84523737e-01 1.05059907e-01
      5.74961960e-01 1.01977684e-01 5.67896545e-01 9.90823954e-02
      5.57170987e-01 9.18985754e-02 5.54848492e-01 8.98301676e-02
      5.54994643e-01 8.82418826e-02 5.56192458e-01 8.57056677e-02
      5.57805479e-01 8.36141035e-02 5.61623633e-01 8.26565102e-02
      5.65748334e-01 8.19970369e-02 5.73887229e-01 8.17056745e-02
      5.89244664e-01 8.24040845e-02 6.09576166e-01 8.39295089e-02
      6.46407485e-01 8.77554193e-02 7.22503424e-01 9.80349109e-02
      7.81649530e-01 1.07040487e-01 8.06882024e-01 1.12226501e-01
      8.12932670e-01 1.24667995e-01</contour2d>
    <histogram type_id="opencv-matrix">
      <rows>20</rows>
      <cols>1</cols>
      <dt>f</dt>
      <data>
        1.73104435e-01 0. 0. 0. 0. 0. 0. 0. 0. 2.60371953e-01 0. 0. 0.
        0. 0. 0. 0. 0. 5.52217484e-01 1.43061522e-02</data></histogram></_>
  <_><id>3</id>
    <height>1.5000998973846436e-01</height>
    <contour2d>
      8.07488382e-01 1.57180995e-01 7.73268044e-01 1.63033143e-01
      6.84849024e-01 1.41543105e-01 5.92986226e-01 1.16737537e-01
      5.72491944e-01 1.10339902e-01 5.58997273e-01 1.05294973e-01
      5.53962708e-01 1.02562360e-01 5.50988913e-01 9.93668288e-02
      5.48187912e-01 7.82278180e-02 5.50101399e-01 7.68297687e-02
      5.68156898e-01 7.59666786e-02 5.78542590e-01 7.67783374e-02
      5.85512817e-01 7.75895715e-02 7.27285743e-01 9.64467302e-02
      7.88194776e-01 1.05390385e-01</contour2d>
    <histogram type_id="opencv-matrix">
      <rows>20</rows>
      <cols>1</cols>
      <dt>f</dt>
      <data>
        1.83060110e-01 0. 0. 0. 0. 0. 0. 0. 0. 3.60655725e-01 0. 0. 0.
        0. 0. 0. 0. 0. 3.44262272e-01 1.12021856e-01</data></histogram></_>
  <_><id>4</id>
    <height>1.4987516403198242e-01</height>
    <contour2d>
      7.19385326e-01 1.47014394e-01 7.18459129e-01 1.47039473e-01
      6.84746385e-01 1.39455751e-01 5.79140902e-01 1.11534350e-01
      5.71380675e-01 1.08382627e-01 5.58078527e-01 1.00880653e-01
      5.54871857e-01 9.85693485e-02 5.46618044e-01 9.00222287e-02
      5.45109272e-01 8.02733451e-02 5.45472503e-01 7.86139444e-02
      5.46423614e-01 7.70501196e-02 5.55076540e-01 7.36441836e-02
      5.58276236e-01 7.26653934e-02 5.86553514e-01 7.24057406e-02
      6.41969502e-01 7.82944709e-02 6.58783913e-01 8.03907439e-02</contour2d>
    <histogram type_id="opencv-matrix">
      <rows>20</rows>
      <cols>1</cols>
      <dt>f</dt>
      <data>
        1.21606953e-01 0. 0. 0. 0. 0. 0. 0. 0. 4.26710099e-01 0. 0. 0.
        0. 0. 0. 0. 0. 3.24647129e-01 1.27035841e-01</data></histogram></_>
  <_><id>5</id>
    <height>1.4403796195983887e-01</height>
    <contour2d>
      7.73037493e-01 1.44762963e-01 7.09403396e-01 1.30785093e-01
      6.72879755e-01 1.22537851e-01 6.16744757e-01 1.09389938e-01
      5.89322507e-01 1.02084137e-01 5.82007468e-01 9.92834270e-02
      5.76661587e-01 9.69019309e-02 5.67728043e-01 9.22404528e-02
      5.58791220e-01 8.72141793e-02 5.50109625e-01 8.01240355e-02
      5.50442457e-01 7.86270499e-02 5.51110506e-01 7.71834180e-02
      5.54451883e-01 7.43534341e-02 5.58194816e-01 7.33034685e-02
      5.64622939e-01 7.26346299e-02 5.80348134e-01 7.16407672e-02
      5.98050117e-01 7.22688064e-02 6.36206865e-01 7.58263618e-02
      6.50111973e-01 7.74835795e-02 6.55349553e-01 7.91145414e-02</contour2d>
    <histogram type_id="opencv-matrix">
      <rows>20</rows>
      <cols>1</cols>
      <dt>f</dt>
      <data>
        1.41141146e-01 0. 0. 0. 0. 0. 0. 0. 0. 2.86786795e-01 0. 0. 0.
        0. 0. 0. 0. 0. 5.28528571e-01 4.35435437e-02</data></histogram></_>
  <_><id>6</id>
    <height>1.4280343055725098e-01</height>
    <contour2d>
      7.27664709e-01 1.22676916e-01 6.58760726e-01 1.09203331e-01
      6.01992488e-01 9.70804468e-02 5.74219406e-01 9.02354121e-02
      5.52597165e-01 8.21798444e-02 5.47312379e-01 7.96440765e-02
      5.44512331e-01 7.78268352e-02 5.43816149e-01 7.45109618e-02
      5.44483364e-01 7.19026551e-02 5.47375441e-01 7.02558160e-02
      5.50760627e-01 6.91357106e-02 5.57635307e-01 6.72160834e-02
      5.62399209e-01 6.60859346e-02 5.75116575e-01 6.41705096e-02
      5.91019750e-01 6.43745065e-02 6.19375229e-01 6.62238225e-02
      6.40108109e-01 6.84671625e-02 7.05489993e-01 7.73383304e-02
      7.07834601e-01 7.82006457e-02</contour2d>
    <histogram type_id="opencv-matrix">
      <rows>20</rows>
      <cols>1</cols>
      <dt>f</dt>
      <data>
        1.68989554e-01 0. 0. 0. 0. 0. 0. 0. 0. 2.43902445e-01 0. 0. 0.
        0. 0. 0. 0. 0. 4.18118477e-01 1.68989554e-01</data></histogram></_>
  <_><id>7</id>
    <height>1.4473152160644531e-01</height>
    <contour2d>
      7.38877058e-01 6.19365126e-02 7.06282258e-01 1.11114994e-01
      7.05903411e-01 1.11230180e-01 6.66726947e-01 1.04285896e-01
      6.21712744e-01 9.48212966e-02 5.85919201e-01 8.68883431e-02
      5.76766491e-01 8.47223401e-02 5.65090895e-01 8.15922543e-02
      5.52898526e-01 7.78813884e-02 5.50183535e-01 7.69079402e-02
      5.45636833e-01 7.45553449e-02 5.43675125e-01 7.26443380e-02
      5.41945398e-01 6.80672526e-02 5.42498827e-01 6.63252473e-02
      5.44016242e-01 6.39510006e-02 5.48782945e-01 5.91563359e-02
      5.50501108e-01 5.77535518e-02 5.54151535e-01 5.53211235e-02
      5.64745486e-01 5.08370586e-02 5.84619880e-01 4.85460386e-02
      6.11768782e-01 5.00301346e-02 6.29706860e-01 5.13782389e-02
      7.11969018e-01 5.87303638e-02</contour2d>
    <histogram type_id="opencv-matrix">
      <rows>20</rows>
      <cols>1</cols>
      <dt>f</dt>
      <data>
