<?xml version="1.0"?>
<opencv_storage>
<obj>
  <_><id>1</id>
    <height>1.0472488403320312e-01</height>
    <contour2d>
      5.75900137e-01 -1.18668936e-02 5.73585153e-01 -9.16860718e-03
      5.66282511e-01 -5.15251886e-03 5.47354400e-01 2.67706579e-03
      5.35427928e-01 2.56908126e-03 5.25160313e-01 -1.31698120e-02
      5.24167061e-01 -1.71006713e-02 5.22719204e-01 -3.26677300e-02
      5.23911774e-01 -4.37099822e-02 5.30397415e-01 -5.40514700e-02
      5.36773384e-01 -5.71924038e-02 5.41772783e-01 -5.92298694e-02
      5.44864118e-01 -5.92061393e-02 5.69527924e-01 -5.05129583e-02
      5.75742960e-01 -4.67933826e-02 5.79064369e-01 -4.28618416e-02
      5.81246376e-01 -2.67733131e-02 5.81235945e-01 -2.54239850e-02</contour2d>
    <histogram type_id="opencv-matrix">
      <rows>20</rows>
      <cols>1</cols>
      <dt>f</dt>
      <data>
        1.42857149e-01 1.91226099e-02 2.24971888e-03 0. 0. 0. 0. 0. 0.
        5.62429719e-04 0. 5.62429719e-04 4.49943775e-03 8.99887551e-03
        2.75590569e-02 3.09336353e-02 8.60517472e-02 4.91001159e-01 0.
        1.85601801e-01</data></histogram></_>
  <_><id>2</id>
    <height>1.1225670576095581e-01</height>
    <contour2d>
      5.73554099e-01 -5.15703764e-03 5.45223236e-01 6.61109062e-03
      5.40440738e-01 8.01456720e-03 5.39380431e-01 8.00642930e-03
      5.31787872e-01 2.50166282e-03 5.26826143e-01 -2.96139996e-03
      5.24715662e-01 -5.70078148e-03 5.22639751e-01 -9.83601436e-03
      5.21312892e-01 -1.69840977e-02 5.21373153e-01 -2.47780550e-02
      5.21981001e-01 -3.17367129e-02 5.23445606e-01 -4.13978659e-02
      5.28978944e-01 -4.90047410e-02 5.37532330e-01 -5.37679084e-02
      5.43634772e-01 -5.37972301e-02 5.68867981e-01 -4.51186821e-02
      5.72796881e-01 -4.26064767e-02 5.77001393e-01 -1.85621735e-02
      5.76970279e-01 -1.45401824e-02</contour2d>
    <histogram type_id="opencv-matrix">
      <rows>20</rows>
      <cols>1</cols>
      <dt>f</dt>
      <data>
        1.48213238e-01 1.40597541e-02 5.85823087e-03 1.75746926e-03 0.
        0. 0. 0. 0. 0. 1.75746926e-03 2.34329235e-03 5.85823087e-03
        9.95899271e-03 1.93321612e-02 2.81195082e-02 1.01347394e-01
        5.14938474e-01 0. 1.46455765e-01</data></histogram></_>
  <_><id>3</id>
    <height>1.0889816284179688e-01</height>
    <contour2d>
      5.77055395e-01 -3.28005813e-02 5.77827692e-01 -2.48605553e-02
      5.77819347e-01 -2.35146862e-02 5.76964021e-01 -1.80530623e-02
      5.74600637e-01 -7.31412554e-03 5.70204496e-01 -4.64593433e-03
      5.51640570e-01 5.89965144e-03 5.47480762e-01 5.87410899e-03
      5.37133217e-01 3.15597560e-03 5.30324221e-01 -3.44535708e-03
      5.27834833e-01 -6.09513512e-03 5.23280978e-01 -1.42705711e-02
      5.20610750e-01 -2.15328820e-02 5.22399664e-01 -3.33120450e-02
      5.26349604e-01 -4.39923331e-02 5.29450774e-01 -5.05917780e-02
      5.34603536e-01 -5.44035695e-02 5.38533092e-01 -5.59059605e-02
      5.41939199e-01 -5.58223613e-02 5.52897215e-01 -5.50544746e-02
      5.67772031e-01 -4.86081839e-02 5.73777676e-01 -4.34251726e-02
      5.74807823e-01 -4.07443196e-02</contour2d>
    <histogram type_id="opencv-matrix">
      <rows>20</rows>
      <cols>1</cols>
      <dt>f</dt>
      <data>
        1.52680010e-01 2.38224138e-02 3.78992944e-03 5.41418500e-04 0.
        0. 0. 0. 0. 1.08283700e-03 2.70709256e-03 2.16567400e-03
        3.78992944e-03 5.95560344e-03 2.43638325e-02 2.65295058e-02
        8.66269618e-02 4.60747153e-01 0. 2.05197617e-01</data></histogram></_>
  <_><id>4</id>
    <height>1.1145287752151489e-01</height>
    <contour2d>
      5.72739124e-01 -4.47687842e-02 5.73777676e-01 -4.34251726e-02
      5.80173433e-01 -3.16659883e-02 5.77597499e-01 -1.94193684e-02
      5.75889587e-01 -1.40374722e-02 5.70644081e-01 -7.29701389e-03
      5.64169407e-01 -1.99489715e-03 5.53728700e-01 4.58389334e-03
      5.49560666e-01 5.88688022e-03 5.46296000e-01 5.85970422e-03
      5.29589772e-01 4.93892818e-04 5.26114583e-01 -6.06950186e-03
      5.23230910e-01 -1.48779862e-02 5.22427917e-01 -1.77786332e-02
      5.21574855e-01 -2.21192595e-02 5.21326542e-01 -2.42252629e-02
      5.21159947e-01 -2.98286341e-02 5.24495721e-01 -4.51237187e-02
      5.25583982e-01 -4.89348732e-02 5.26707888e-01 -5.03154695e-02
      5.28755069e-01 -5.16054556e-02 5.38706183e-01 -5.56860976e-02
      5.45786738e-01 -5.73493131e-02 5.46817243e-01 -5.73429838e-02
      5.52905440e-01 -5.63795045e-02 5.66729307e-01 -4.86145839e-02</contour2d>
    <histogram type_id="opencv-matrix">
      <rows>20</rows>
      <cols>1</cols>
      <dt>f</dt>
      <data>
        1.58711910e-01 1.55261653e-02 3.45025887e-03 1.15008629e-03 0.
        0. 0. 0. 0. 0. 5.75043145e-04 1.72512943e-03 8.05060379e-03
        1.49511220e-02 1.55261653e-02 3.68027613e-02 9.25819427e-02
        4.90511805e-01 0. 1.60437033e-01</data></histogram></_>
  <_><id>5</id>
    <height>1.1367923021316528e-01</height>
    <contour2d>
      5.75031281e-01 -4.48795669e-02 5.77672362e-01 -3.15010957e-02
      5.75889587e-01 -1.40374722e-02 5.71695030e-01 -8.62263981e-03
      5.69393873e-01 -5.94853191e-03 5.54929733e-01 4.59492486e-03
      5.35999417e-01 5.89629961e-03 5.34924090e-01 5.88969700e-03
      5.31706691e-01 4.49620606e-03 5.22303104e-01 -1.77240111e-02
      5.21574855e-01 -2.21192595e-02 5.21703720e-01 -3.44645754e-02
      5.23533642e-01 -4.37336899e-02 5.25816321e-01 -5.04631698e-02
      5.26715994e-01 -5.16179763e-02 5.29954910e-01 -5.34956157e-02
      5.33205628e-01 -5.48563600e-02 5.45786738e-01 -5.73493131e-02
      5.46817243e-01 -5.73429838e-02 5.67772031e-01 -4.86081839e-02</contour2d>
    <histogram type_id="opencv-matrix">
      <rows>20</rows>
      <cols>1</cols>
      <dt>f</dt>
      <data>
        1.81914330e-01 2.37969328e-02 8.46113171e-03 2.11528293e-03 0.
        0. 0. 0. 0. 0. 2.11528293e-03 4.23056586e-03 6.87466934e-03
        1.05764149e-02 2.00951882e-02 2.85563190e-02 7.98519328e-02
        4.36805934e-01 0. 1.94606036e-01</data></histogram></_>
  <_><id>6</id>
    <height>9.1635227203369141e-02</height>
    <contour2d>
      5.75812340e-01 -3.96783240e-02 5.75973511e-01 -3.57400626e-02
      5.66110253e-01 -1.12449406e-02 5.63822746e-01 -8.57774727e-03
      5.59660077e-01 -4.63838177e-03 5.43326139e-01 7.14003993e-03
      5.31864345e-01 7.05905678e-03 5.22003770e-01 -3.47926468e-03
      5.14648497e-01 -2.17717290e-02 5.14665604e-01 -2.45260373e-02
      5.17943263e-01 -4.05212976e-02 5.18508792e-01 -4.18966934e-02
      5.23649216e-01 -5.03342487e-02 5.31821847e-01 -5.28891236e-02
      5.37085712e-01 -5.43120056e-02 5.39130270e-01 -5.42994514e-02
      5.45762300e-01 -5.34002148e-02 5.71442306e-01 -4.36215885e-02
      5.73721886e-01 -4.23830524e-02</contour2d>
    <histogram type_id="opencv-matrix">
      <rows>20</rows>
      <cols>1</cols>
      <dt>f</dt>
      <data>
        1.60493821e-01 1.94003526e-02 5.29100513e-03 0. 0. 0. 0. 0. 0.
        0. 1.17577892e-03 2.35155784e-03 7.05467351e-03 7.64256297e-03
        1.70487948e-02 2.52792463e-02 7.52498507e-02 4.85008806e-01 0.
        1.94003522e-01</data></histogram></_>
  <_><id>7</id>
    <height>1.1227637529373169e-01</height>
    <contour2d>
      5.73990107e-01 -4.62267250e-02 5.72358727e-01 -1.53030315e-02
      5.71686745e-01 -7.29061104e-03 5.70627570e-01 -4.63300757e-03
      5.48378706e-01 4.54738550e-03 5.38194180e-01 5.91690606e-03
      5.37027836e-01 5.89548424e-03 5.31715274e-01 3.12252389e-03
      5.21484375e-01 -1.13098295e-02 5.18783331e-01 -2.32882723e-02
      5.22137403e-01 -4.14682738e-02 5.24334729e-01 -4.92356680e-02
      5.25816321e-01 -5.04631698e-02 5.30495226e-01 -5.28747849e-02
      5.38706183e-01 -5.56860976e-02 5.39729834e-01 -5.56798093e-02
      5.67772031e-01 -4.86081839e-02</contour2d>
    <histogram type_id="opencv-matrix">
      <rows>20</rows>
      <cols>1</cols>
      <dt>f</dt>
      <data>
        1.45068794e-01 1.37614673e-02 5.16055012e-03 0. 0. 0. 0. 0. 0.
