<?xml version="1.0"?>
<opencv_storage>
<obj>
  <_><id>0</id>
    <height>8.3390235900878906e-02</height>
    <contour2d>
      6.99921131e-01 -8.71590674e-02 7.09708214e-01 -8.26969892e-02
      7.12342322e-01 -8.11615735e-02 7.23469853e-01 -7.13957623e-02
      7.25594819e-01 -6.81531504e-02 7.26842344e-01 -6.46760166e-02
      7.28261709e-01 -4.91320491e-02 7.28089929e-01 -4.38084155e-02
      7.22053289e-01 -2.62711868e-02 6.97669923e-01 1.86519586e-02
      6.96433365e-01 2.03767233e-02 6.86073601e-01 2.73718610e-02
      6.84832931e-01 2.73728203e-02 6.54322207e-01 -3.22720259e-02
      6.51906371e-01 -3.73215862e-02 6.50740445e-01 -4.68385629e-02
      6.50854945e-01 -5.19450083e-02 6.56527996e-01 -7.90629014e-02
      6.67440414e-01 -8.34343210e-02 6.84354246e-01 -8.76631588e-02
      6.90558791e-01 -8.78657475e-02</contour2d>
    <histogram type_id="opencv-matrix">
      <rows>20</rows>
      <cols>1</cols>
      <dt>f</dt>
      <data>
        2.92006522e-01 1.40293643e-01 1.33768350e-01 2.93637849e-02
        4.89396416e-03 8.15660693e-04 8.15660693e-04 3.26264277e-03
        1.63132139e-02 1.46818925e-02 2.03915164e-02 1.54975532e-02
        8.15660693e-03 4.89396416e-03 4.89396416e-03 2.44698208e-03
        3.01794447e-02 7.83034265e-02 8.15660693e-04 1.98205546e-01</data></histogram></_>
  <_><id>1</id>
    <height>8.5370898246765137e-02</height>
    <contour2d>
      7.22053230e-01 -7.12387934e-02 7.23293900e-01 -6.95102289e-02
      7.27200091e-01 -6.27319887e-02 7.33079970e-01 -5.07684648e-02
      7.33079970e-01 -4.72903699e-02 7.32173860e-01 -2.80691814e-02
      7.30930448e-01 -1.94015559e-02 7.29687035e-01 -1.76672619e-02
      7.22213328e-01 -1.06492294e-02 7.19557345e-01 -8.90843570e-03
      7.03926980e-01 -3.15859274e-04 6.59153879e-01 2.32899394e-02
      6.57576978e-01 2.34252624e-02 6.51427150e-01 2.33763773e-02
      6.49003148e-01 2.16887277e-02 6.56635761e-01 -4.39617373e-02
      6.59224033e-01 -5.69514818e-02 6.68687224e-01 -7.42110461e-02
      6.73404694e-01 -7.51246512e-02 6.94018424e-01 -7.82028884e-02
      7.02364266e-01 -7.86466748e-02 7.06028938e-01 -7.86495134e-02</contour2d>
    <histogram type_id="opencv-matrix">
      <rows>20</rows>
      <cols>1</cols>
      <dt>f</dt>
      <data>
        2.21947208e-01 1.15511551e-01 9.57095772e-02 2.88778879e-02
        2.47524772e-03 3.30033014e-03 2.47524772e-03 4.95049544e-03
        8.25082511e-03 8.25082511e-03 1.65016507e-03 4.95049544e-03
        5.77557785e-03 4.12541255e-03 5.77557785e-03 1.07260728e-02
        2.39273943e-02 4.53795381e-02 1.65016507e-03 4.04290438e-01</data></histogram></_></obj>
</opencv_storage>
