<?xml version="1.0"?>
<opencv_storage>
<obj>
  <_><id>1</id>
    <height>4.8374295234680176e-02</height>
    <contour2d>
      5.74990332e-01 -1.58382822e-02 5.74963927e-01 -1.01768412e-02
      5.70671320e-01 2.54272763e-03 5.57150364e-01 2.10158974e-02
      5.47107220e-01 2.36644335e-02 5.39921284e-01 2.35529114e-02
      5.27838647e-01 1.78181194e-02 5.22407293e-01 1.07385032e-02
      5.18125892e-01 -3.29994992e-03 5.16898155e-01 -1.03976782e-02
      5.16991317e-01 -1.73997451e-02 5.21523952e-01 -2.70803161e-02
      5.25954843e-01 -3.25723477e-02 5.35795152e-01 -3.85144055e-02
      5.40208817e-01 -4.00082618e-02 5.41315377e-01 -4.00031656e-02
      5.67267776e-01 -2.29508430e-02 5.72787642e-01 -1.86792314e-02</contour2d>
    <histogram type_id="opencv-matrix">
      <rows>20</rows>
      <cols>1</cols>
      <dt>f</dt>
      <data>
        7.91788846e-02 1.02639295e-01 3.51906158e-02 1.17302053e-02
        2.93255132e-03 0. 0. 0. 0. 5.86510263e-03 3.51906158e-02
        6.45161271e-02 1.05571851e-01 7.33137801e-02 6.15835786e-02
        5.86510263e-02 1.08504400e-01 1.29032254e-01 0. 1.26099706e-01</data></histogram></_>
  <_><id>2</id>
    <height>5.0362050533294678e-02</height>
    <contour2d>
      5.60498595e-01 2.10313201e-02 5.53771555e-01 2.37474162e-02
      5.49323082e-01 2.36746389e-02 5.39918780e-01 2.21915171e-02
      5.32213986e-01 1.92868561e-02 5.25610626e-01 1.50258597e-02
      5.23886859e-01 1.36496816e-02 5.18201351e-01 3.68829607e-03
      5.13922453e-01 -1.16142482e-02 5.13928950e-01 -1.30035430e-02
      5.14997423e-01 -1.72151513e-02 5.19364417e-01 -2.56212298e-02
      5.20463884e-01 -2.70124394e-02 5.23728430e-01 -2.98697110e-02
      5.39630830e-01 -4.01669517e-02 5.42947590e-01 -4.02556919e-02
      5.66740155e-01 -3.42313908e-02 5.67229509e-01 5.37120923e-03
      5.61621308e-01 1.96106937e-02</contour2d>
    <histogram type_id="opencv-matrix">
      <rows>20</rows>
      <cols>1</cols>
      <dt>f</dt>
      <data>
        1.26649082e-01 1.16094992e-01 2.63852254e-02 5.27704507e-03 0.
        0. 0. 0. 0. 1.31926127e-02 3.16622704e-02 5.01319282e-02
        9.49868113e-02 1.13456473e-01 3.69393155e-02 4.48548831e-02
        1.02902383e-01 1.29287601e-01 0. 1.08179420e-01</data></histogram></_>
  <_><id>3</id>
    <height>3.9646565914154053e-02</height>
    <contour2d>
      5.61561704e-01 1.60781238e-02 5.54286957e-01 2.02273224e-02
      5.45412481e-01 2.29513515e-02 5.32166362e-01 2.28700135e-02
      5.22381544e-01 1.28895519e-02 5.19156694e-01 8.64589680e-03
      5.15912950e-01 1.62710750e-03 5.14892817e-01 -2.56482838e-03
      5.14996648e-01 -1.93198249e-02 5.21582246e-01 -2.91332491e-02
      5.22686601e-01 -3.05262767e-02 5.35862446e-01 -3.91560867e-02
      5.40826201e-01 -4.06970233e-02 5.41384935e-01 -4.06398438e-02
      5.47767878e-01 -3.69689837e-02 5.64447522e-01 -1.22247664e-02
      5.65527797e-01 -7.97712151e-03 5.65519094e-01 -6.56352332e-03
      5.63794374e-01 7.56792212e-03</contour2d>
    <histogram type_id="opencv-matrix">
      <rows>20</rows>
      <cols>1</cols>
      <dt>f</dt>
      <data>
        9.71128643e-02 1.44356951e-01 6.29921257e-02 5.24934381e-03 0.
        0. 0. 0. 0. 2.62467191e-03 1.83727033e-02 2.88713910e-02
        7.34908134e-02 7.08661377e-02 6.56168014e-02 4.98687662e-02
        1.28608927e-01 1.25984251e-01 0. 1.25984251e-01</data></histogram></_>
  <_><id>4</id>
    <height>4.0188133716583252e-02</height>
    <contour2d>
      5.52117467e-01 1.65930614e-02 5.43252587e-01 1.93377007e-02
      5.31085968e-01 1.79098565e-02 5.25610626e-01 1.50258597e-02
      5.18102169e-01 1.06766280e-02 5.10584414e-01 -6.09286549e-03
      5.10649383e-01 -2.00207811e-02 5.15729785e-01 -3.55949365e-02
      5.21608949e-01 -3.81775685e-02 5.39115429e-01 -4.28406298e-02
      5.41328549e-01 -4.28304337e-02 5.52229583e-01 -3.25379819e-02
      5.54451108e-01 -2.98079010e-02 5.62208414e-01 -1.16336942e-02
      5.62143028e-01 -7.36889010e-03 5.56557953e-01 6.70726784e-03</contour2d>
    <histogram type_id="opencv-matrix">
      <rows>20</rows>
      <cols>1</cols>
      <dt>f</dt>
      <data>
        9.44055915e-02 1.18881121e-01 9.09090936e-02 3.49650346e-03 0.
        0. 3.49650346e-03 0. 0. 3.49650346e-03 2.79720277e-02
        3.84615362e-02 9.44055915e-02 6.64335638e-02 6.99300691e-02
        4.19580415e-02 1.15384616e-01 1.43356636e-01 0. 8.74125883e-02</data></histogram></_>
  <_><id>5</id>
    <height>3.9349555969238281e-02</height>
    <contour2d>
      5.49904287e-01 1.65828671e-02 5.42146862e-01 1.92907453e-02
      5.27811766e-01 1.64461918e-02 5.20203948e-01 1.21316016e-02
      5.12695849e-01 -1.91492273e-03 5.11668205e-01 -4.69507324e-03
      5.11746168e-01 -2.14085821e-02 5.16302943e-01 -3.58349718e-02
      5.22671878e-01 -3.82732227e-02 5.39115429e-01 -4.28406298e-02
      5.42435169e-01 -4.28253375e-02 5.52229583e-01 -3.25379819e-02
      5.53318739e-01 -3.11332140e-02 5.62221587e-01 -1.44609660e-02
      5.62783241e-01 -1.16483234e-02 5.56527197e-01 5.28982934e-03</contour2d>
    <histogram type_id="opencv-matrix">
      <rows>20</rows>
      <cols>1</cols>
      <dt>f</dt>
      <data>
        9.42760929e-02 1.38047129e-01 5.72390556e-02 3.36700329e-03 0.
        0. 0. 0. 0. 3.36700329e-03 2.35690232e-02 3.70370373e-02
        9.42760929e-02 6.73400685e-02 9.42760929e-02 6.06060587e-02
        1.17845118e-01 1.34680137e-01 0. 7.40740746e-02</data></histogram></_>
  <_><id>6</id>
    <height>3.9318680763244629e-02</height>
    <contour2d>
      5.55456936e-01 1.23674683e-02 5.54343760e-01 1.37759820e-02
      5.48784971e-01 1.65427942e-02 5.42151690e-01 1.79608259e-02
      5.33838391e-01 1.79417301e-02 5.24513364e-01 1.36106126e-02
      5.22359252e-01 1.21660251e-02 5.11695564e-01 -5.09729958e-04
      5.09246945e-01 -9.88906994e-03 5.09617627e-01 -2.13595219e-02
      5.11765599e-01 -2.55869478e-02 5.17217517e-01 -3.40088680e-02
      5.21608949e-01 -3.81775685e-02 5.24920166e-01 -4.08473723e-02
      5.34745097e-01 -4.39310893e-02 5.40222645e-01 -4.23916765e-02
      5.47872961e-01 -3.81571464e-02 5.50013363e-01 -3.52541395e-02
      5.55419683e-01 -2.26625577e-02 5.59896231e-01 -8.76180269e-03
      5.59876561e-01 -4.54175891e-03</contour2d>
    <histogram type_id="opencv-matrix">
      <rows>20</rows>
      <cols>1</cols>
      <dt>f</dt>
      <data>
        1.53614447e-01 1.77710831e-01 9.03614424e-03 6.02409616e-03
        3.01204808e-03 0. 0. 0. 0. 3.01204808e-03 4.81927693e-02
        7.22891539e-02 6.02409616e-02 1.11445777e-01 4.51807231e-02
        1.80722885e-02 5.42168655e-02 1.41566262e-01 0. 9.63855386e-02</data></histogram></_>
  <_><id>7</id>
    <height>4.0306329727172852e-02</height>
    <contour2d>
      5.55867314e-01 1.17654912e-02 5.51967740e-01 1.45583656e-02
      5.43093801e-01 1.86681300e-02 5.18064260e-01 1.80921424e-02
      5.14730453e-01 1.41618904e-02 5.12612939e-01 1.13422144e-02
      5.09380817e-01 -1.19209941e-03 5.06869972e-01 -1.36392908e-02
      5.06878555e-01 -1.50233684e-02 5.07422090e-01 -1.92001648e-02
      5.09631991e-01 -2.61160247e-02 5.10202169e-01 -2.74603255e-02
      5.14000297e-01 -3.16327624e-02 5.18336654e-01 -3.58608589e-02
      5.22657633e-01 -3.88210975e-02 5.25920749e-01 -4.03048284e-02
      5.33589840e-01 -4.16575521e-02 5.39069533e-01 -4.18458357e-02
      5.52115738e-01 -2.89457608e-02 5.54278374e-01 -2.47331504e-02
      5.58630586e-01 3.28971958e-03</contour2d>
    <histogram type_id="opencv-matrix">
      <rows>20</rows>
      <cols>1</cols>
      <dt>f</dt>
      <data>
        1.40672788e-01 1.10091746e-01 1.52905202e-02 0. 0. 0. 0. 0. 0.
        3.05810408e-03 3.66972499e-02 7.64526054e-02 1.25382274e-01
        7.03363940e-02 5.50458729e-02 5.19877709e-02 1.03975542e-01
        1.13149852e-01 0. 9.78593305e-02</data></histogram></_>
  <_><id>8</id>
    <height>3.3640384674072266e-02</height>
    <contour2d>
      5.54469287e-01 -2.56673880e-02 5.55503726e-01 -1.99803524e-02
