<?xml version="1.0"?>
<opencv_storage>
<obj>
  <_><id>0</id>
    <height>1.3314521312713623e-01</height>
    <contour2d>
      6.83080018e-01 4.26061898e-02 6.79056227e-01 4.24891710e-02
      6.61871552e-01 1.66397803e-02 6.59771860e-01 1.01904729e-02
      6.63021982e-01 -5.64963184e-03 6.64418578e-01 -1.08187757e-02
      6.69771254e-01 -2.47819964e-02 6.71181619e-01 -2.61777323e-02
      6.79533541e-01 -2.78492644e-02 6.82600617e-01 -2.79659797e-02
      7.02867448e-01 2.34922916e-02 7.05522835e-01 3.15933935e-02</contour2d>
    <histogram type_id="opencv-matrix">
      <rows>20</rows>
      <cols>1</cols>
      <dt>f</dt>
      <data>
        7.66161233e-02 2.07502004e-02 1.99521147e-02 7.58180348e-03
        3.19233839e-03 7.98084599e-04 3.99042299e-04 2.39425385e-03
        3.99042293e-03 1.71588194e-02 1.02154829e-01 6.02553859e-02
        1.43655231e-02 7.98084587e-03 5.98563440e-03 4.38946532e-03
        8.77893064e-03 5.66640049e-02 0. 5.86592197e-01</data></histogram></_>
  <_><id>1</id>
    <height>1.3219380378723145e-01</height>
    <contour2d>
      6.94159389e-01 -3.07539757e-02 7.14647293e-01 -9.84217972e-03
      7.15233028e-01 -8.49647820e-03 7.15233028e-01 -7.14981277e-03
      7.03174293e-01 3.54926549e-02 7.02017665e-01 3.81536111e-02
      6.94763362e-01 4.06448543e-02 6.94187522e-01 4.06458005e-02
      6.75401926e-01 2.79291738e-02 6.69427574e-01 2.08294820e-02
      6.65777385e-01 1.32114002e-02 6.64599240e-01 5.08763036e-03
      6.64599240e-01 -3.29511211e-04 6.69736981e-01 -1.23964036e-02
      6.77408636e-01 -2.73246728e-02 6.81553662e-01 -2.92669572e-02
      6.89580798e-01 -3.21561135e-02 6.90156579e-01 -3.21570635e-02</contour2d>
    <histogram type_id="opencv-matrix">
      <rows>20</rows>
      <cols>1</cols>
      <dt>f</dt>
      <data>
        7.70901218e-02 1.26673914e-02 1.19435396e-02 2.53347820e-03
        2.17155274e-03 7.23850913e-04 1.44770183e-03 1.80962728e-03
        3.25732911e-03 1.62866451e-02 3.07636634e-02 2.53347829e-02
        7.96236005e-03 5.06695639e-03 2.53347820e-03 3.98118002e-03
        1.26673914e-02 8.07093754e-02 0. 7.01049626e-01</data></histogram></_>
  <_><id>2</id>
    <height>1.3140940666198730e-01</height>
    <contour2d>
      7.19392121e-01 -2.21476071e-02 7.20573545e-01 -2.07914617e-02
      7.22055197e-01 -1.81016009e-02 7.22055197e-01 -1.67415999e-02
      7.21164346e-01 -1.12857698e-02 7.01494873e-01 2.58380324e-02
      6.97109640e-01 2.96483524e-02 6.84451163e-01 3.11884843e-02
      6.82661593e-01 3.11914328e-02 6.81238234e-01 3.09256744e-02
      6.72939360e-01 2.33306680e-02 6.67408466e-01 1.18904617e-02
      6.66548491e-01 7.59613467e-03 6.66725159e-01 2.34744931e-03
      6.67309284e-01 -1.68208405e-03 6.68275833e-01 -6.96861371e-03
      6.69803023e-01 -1.34993140e-02 6.71221673e-01 -1.74683947e-02
      6.72939181e-01 -2.14197971e-02 6.77624047e-01 -3.13741267e-02
      6.83246851e-01 -3.21456715e-02 6.89287186e-01 -3.21107879e-02
      7.16138542e-01 -2.34058201e-02</contour2d>
    <histogram type_id="opencv-matrix">
      <rows>20</rows>
      <cols>1</cols>
      <dt>f</dt>
      <data>
        5.85758053e-02 2.90964786e-02 4.82388996e-02 6.12557447e-03
        1.14854518e-03 3.82848404e-04 0. 1.53139362e-03 3.82848410e-03
        1.30168460e-02 2.22052075e-02 9.57121048e-03 6.50842302e-03
        1.53139362e-03 2.29709037e-03 1.53139362e-03 6.89127110e-03
        5.58958687e-02 0. 7.31623292e-01</data></histogram></_>
  <_><id>3</id>
    <height>1.3073408603668213e-01</height>
    <contour2d>
      6.97336912e-01 -3.60897668e-02 7.02867210e-01 -3.35953087e-02
      7.03444719e-01 -3.22686397e-02 7.02959955e-01 2.32460182e-02
      7.02388287e-01 2.45612469e-02 6.84451163e-01 3.11884843e-02
      6.77141011e-01 3.26651409e-02 6.76099777e-01 3.25736776e-02
      6.73734426e-01 3.05358879e-02 6.61325812e-01 1.52865490e-02
      6.60192430e-01 1.26827033e-02 6.57771468e-01 -2.89476034e-03
      6.58077538e-01 -9.25057940e-03 6.60172164e-01 -1.91790387e-02
      6.66873932e-01 -2.73256190e-02 6.76380157e-01 -3.30759771e-02
      6.91259027e-01 -3.72442789e-02 6.91831529e-01 -3.72452214e-02</contour2d>
    <histogram type_id="opencv-matrix">
      <rows>20</rows>
      <cols>1</cols>
      <dt>f</dt>
      <data>
        5.92307709e-02 4.88461554e-02 4.65384610e-02 6.53846143e-03
        1.53846154e-03 3.84615385e-04 7.69230770e-04 1.53846154e-03
        4.99999989e-03 1.23076923e-02 3.57692316e-02 1.42307691e-02
        4.61538462e-03 3.07692308e-03 1.15384615e-03 7.69230770e-04
        2.69230781e-03 4.34615389e-02 0. 7.11538434e-01</data></histogram></_>
  <_><id>4</id>
    <height>2.3483669757843018e-01</height>
    <contour2d>
      9.89867032e-01 3.73387307e-01 7.02247560e-01 -3.68424505e-01
      7.02341139e-01 -3.68926078e-01 7.07634687e-01 -3.71133178e-01
      7.10682511e-01 -3.72278601e-01 7.13772297e-01 -3.73047858e-01
      7.25598872e-01 -3.75337929e-01 7.49156117e-01 -3.76148999e-01
      9.18468058e-01 -3.81132156e-01 9.73113179e-01 -3.80693406e-01
      9.77185309e-01 -3.78827751e-01 9.82156634e-01 -3.72067988e-01
      9.83717561e-01 -3.66687715e-01 9.90874648e-01 -3.36326808e-01
      9.92857277e-01 -2.27263570e-01 1.00168097e+00 2.94177949e-01
      1.00169742e+00 3.62233073e-01 1.00088799e+00 3.64095360e-01
      9.99269128e-01 3.65958989e-01 9.96109784e-01 3.68603975e-01</contour2d>
    <histogram type_id="opencv-matrix">
      <rows>20</rows>
      <cols>1</cols>
      <dt>f</dt>
      <data>
        6.57783225e-02 7.75120080e-01 1.55169979e-01 3.06055183e-04 0.
        0. 0. 0. 0. 0. 0. 9.41708277e-05 1.64798956e-04 1.03587913e-03
        3.06055183e-04 3.53140611e-04 6.12110365e-04 1.05942180e-03 0.
        0.</data></histogram></_>
  <_><id>5</id>
    <height>1.3263761997222900e-01</height>
    <contour2d>
      6.91790342e-01 -3.84526178e-02 7.07842529e-01 -1.10770836e-02
      7.07842529e-01 -8.41041841e-03 7.04674959e-01 1.27289072e-02
      6.91895545e-01 3.41313295e-02 6.91318095e-01 3.41322832e-02
      6.81519628e-01 3.27238329e-02 6.76235676e-01 3.06658167e-02
      6.63594842e-01 1.25974044e-02 6.62366450e-01 9.88005288e-03
      6.59369946e-01 -1.64221495e-03 6.59087181e-01 -5.51500311e-03
      6.59932494e-01 -8.10980704e-03 6.64158106e-01 -1.58987530e-02
      6.75761342e-01 -3.34571376e-02 6.85742319e-01 -3.82795595e-02
      6.86652780e-01 -3.84441502e-02</contour2d>
    <histogram type_id="opencv-matrix">
      <rows>20</rows>
      <cols>1</cols>
      <dt>f</dt>
      <data>
        5.23300245e-02 2.78838817e-02 2.33002305e-02 1.90985494e-03
        7.63941964e-04 1.52788393e-03 1.52788393e-03 3.05576785e-03
        5.34759369e-03 3.13216187e-02 8.05958807e-02 3.78151275e-02
        8.40336177e-03 6.87547773e-03 2.29182583e-03 1.90985494e-03
        6.87547773e-03 3.55233029e-02 0. 6.70741022e-01</data></histogram></_>
  <_><id>6</id>
    <height>1.3157272338867188e-01</height>
    <contour2d>
      7.06102788e-01 2.75924411e-02 7.02289999e-01 3.01313382e-02
      6.77234888e-01 3.38027105e-02 6.75229371e-01 3.38564143e-02
      6.71183765e-01 3.06716319e-02 6.60484672e-01 1.52642038e-02
      6.59918785e-01 1.13622798e-02 6.60192370e-01 -1.64872082e-03
      6.65646672e-01 -2.71670949e-02 6.67067766e-01 -2.84866560e-02
      6.77798808e-01 -3.17574404e-02 6.78392887e-01 -3.17584202e-02
      6.81553662e-01 -3.06441002e-02 7.00475097e-01 -1.88843925e-02
      7.14802027e-01 1.69114359e-02</contour2d>
    <histogram type_id="opencv-matrix">
      <rows>20</rows>
      <cols>1</cols>
      <dt>f</dt>
      <data>
        6.74560443e-02 2.11697165e-02 1.61463935e-02 7.17617525e-03
        2.15285248e-03 3.58808757e-04 1.07642624e-03 3.22927884e-03
        6.81736646e-03 2.72694658e-02 9.07786191e-02 3.76749188e-02
        1.43523505e-02 5.74094011e-03 4.30570496e-03 4.66451375e-03
        6.45855768e-03 3.76749188e-02 0. 6.45496964e-01</data></histogram></_>
  <_><id>7</id>
    <height>1.3286876678466797e-01</height>
