<?xml version="1.0"?>
<opencv_storage>
<obj>
  <_><id>1</id>
    <height>2.0564258098602295e-02</height>
    <contour2d>
      6.03405118e-01 -1.64570324e-02 6.04742408e-01 -4.50786576e-03
      5.99016845e-01 1.93353985e-02 5.78824997e-01 9.09197778e-02
      5.73782265e-01 9.40712616e-02 5.68203568e-01 9.71074179e-02
      5.49784899e-01 9.61016715e-02 5.43990195e-01 9.54948887e-02
      5.22377551e-01 9.10574943e-02 4.80095148e-01 7.90217742e-02
      4.71545517e-01 7.54688680e-02 4.68144715e-01 7.06341267e-02
      4.68144715e-01 6.28538579e-02 4.86241996e-01 -1.67333335e-02
      4.88464713e-01 -2.46727504e-02 4.89702582e-01 -2.78342757e-02
      4.99606192e-01 -4.04834561e-02 5.09385288e-01 -4.23911735e-02
      5.19365072e-01 -4.23974805e-02 5.27329385e-01 -4.11630832e-02
      5.46409130e-01 -3.68230641e-02 5.90479732e-01 -2.30211578e-02</contour2d>
    <histogram type_id="opencv-matrix">
      <rows>20</rows>
      <cols>1</cols>
      <dt>f</dt>
      <data>
        5.80390207e-02 2.22277106e-03 0. 0. 0. 0. 0. 0. 0. 0. 0. 0. 0.
        0. 0. 0. 7.21165687e-02 8.67621601e-01 0. 0.</data></histogram></_>
  <_><id>2</id>
    <height>1.9654393196105957e-02</height>
    <contour2d>
      6.32208407e-01 1.27700903e-02 6.30848050e-01 1.62442625e-02
      6.00350082e-01 5.33732101e-02 5.84823728e-01 6.79251403e-02
      5.53653836e-01 9.44528878e-02 5.51074564e-01 9.44545195e-02
      5.40145755e-01 9.22254622e-02 5.34937322e-01 9.01101530e-02
      5.17035484e-01 7.62770697e-02 4.90940750e-01 5.43439649e-02
      4.66248989e-01 2.98718568e-02 4.68174994e-01 2.53645796e-02
      5.29755712e-01 -5.44222258e-02 5.46552777e-01 -5.66490926e-02
      5.49115777e-01 -5.66507131e-02 5.63970625e-01 -5.37259951e-02
      6.20130360e-01 -6.27224147e-03 6.29073024e-01 4.07528179e-03</contour2d>
    <histogram type_id="opencv-matrix">
      <rows>20</rows>
      <cols>1</cols>
      <dt>f</dt>
      <data>
        4.96551730e-02 1.60919537e-03 0. 0. 0. 0. 0. 0. 0. 0. 0. 0. 0.
        0. 0. 0. 8.13793093e-02 8.67356300e-01 0. 0.</data></histogram></_>
  <_><id>3</id>
    <height>1.9287049770355225e-02</height>
    <contour2d>
      6.30848050e-01 3.53475995e-02 6.24593616e-01 4.20420505e-02
      6.11651480e-01 5.03732003e-02 5.37486672e-01 9.01085362e-02
      5.36211967e-01 9.01093483e-02 5.32387972e-01 8.84844959e-02
      5.24684548e-01 8.31597075e-02 5.18296599e-01 7.78861418e-02
      5.06890595e-01 6.27169162e-02 4.95892525e-01 4.48586307e-02
      4.90940750e-01 3.53795849e-02 4.71811235e-01 -2.49038707e-03
      4.74239051e-01 -7.17236986e-03 4.75210190e-01 -8.74782633e-03
      5.42918026e-01 -5.16298711e-02 5.52363873e-01 -5.70113882e-02
      5.59908271e-01 -6.04353733e-02 5.61349928e-01 -6.07525036e-02
      5.62849224e-01 -6.06269613e-02 5.69506466e-01 -5.92836253e-02
      5.81235647e-01 -5.59636354e-02 5.86855173e-01 -5.28034046e-02
      5.94050944e-01 -4.48302813e-02 6.23747885e-01 1.26174008e-02</contour2d>
    <histogram type_id="opencv-matrix">
      <rows>20</rows>
      <cols>1</cols>
      <dt>f</dt>
      <data>
        6.03764914e-02 4.13223123e-03 0. 0. 0. 0. 0. 0. 0. 0. 0. 0. 0.
        0. 0. 0. 7.46097341e-02 8.60881507e-01 0. 0.</data></histogram></_>
  <_><id>4</id>
    <height>2.3488104343414307e-02</height>
    <contour2d>
      6.31785512e-01 -1.67039186e-02 6.34500325e-01 5.99810155e-04
      6.33611739e-01 1.78137720e-02 6.17434323e-01 8.83864835e-02
      6.12995625e-01 8.98363739e-02 5.82187355e-01 8.81207660e-02
      5.21112323e-01 7.32921883e-02 5.07169247e-01 6.77161887e-02
      5.03148258e-01 6.59043416e-02 5.00653327e-01 6.43133894e-02
      4.99646783e-01 6.25840127e-02 4.97130513e-01 5.59204258e-02
      4.95892525e-01 4.48586307e-02 4.95892525e-01 4.01175469e-02
      4.96123910e-01 3.68747413e-02 5.13203502e-01 -2.66109109e-02
      5.20729065e-01 -4.58301492e-02 5.25942206e-01 -4.57347445e-02
      6.20536804e-01 -3.04577071e-02 6.23241246e-01 -2.87331957e-02</contour2d>
    <histogram type_id="opencv-matrix">
      <rows>20</rows>
      <cols>1</cols>
      <dt>f</dt>
      <data>
        5.76010831e-02 4.29184549e-03 0. 0. 0. 0. 0. 0. 0. 0. 0. 0. 0.
        0. 0. 0. 5.78269698e-02 8.80280077e-01 0. 0.</data></histogram></_>
  <_><id>5</id>
    <height>2.4775207042694092e-02</height>
    <contour2d>
      7.30448663e-01 7.06320181e-02 7.17180908e-01 8.95312876e-02
      7.12916136e-01 9.49784368e-02 7.03393996e-01 9.98497233e-02
      6.41241133e-01 1.19415626e-01 6.32208645e-01 1.18706696e-01
      6.17434323e-01 1.00433730e-01 6.07233286e-01 7.41704777e-02
      5.87460041e-01 1.91214215e-02 5.87460041e-01 1.40729146e-02
      5.89157522e-01 1.07405009e-02 5.90289116e-01 9.07113124e-03
      5.94644845e-01 5.70400991e-03 6.11651361e-01 -6.24908274e-03
      6.35854423e-01 -1.84379220e-02 6.61768854e-01 -2.90996656e-02
      6.82031572e-01 -3.31503786e-02 6.83423221e-01 -3.31512578e-02
      6.88989937e-01 -2.96015460e-02 6.95342064e-01 -2.27147322e-02
      7.26118505e-01 3.56253050e-02 7.29005277e-01 4.66791019e-02</contour2d>
    <histogram type_id="opencv-matrix">
      <rows>20</rows>
      <cols>1</cols>
      <dt>f</dt>
      <data>
        4.89989445e-02 3.95152764e-03 0. 0. 0. 0. 0. 0. 0. 0. 0. 0. 0.
        0. 0. 0. 6.26975745e-02 8.84351909e-01 0. 0.</data></histogram></_>
  <_><id>6</id>
    <height>2.7431070804595947e-02</height>
    <contour2d>
      8.01206350e-01 4.66693528e-02 8.01206350e-01 5.24264276e-02
      7.76709974e-01 1.01033509e-01 7.60589302e-01 1.29787982e-01
      7.54723370e-01 1.39152333e-01 7.26255894e-01 1.46204695e-01
      7.23404527e-01 1.46206483e-01 6.49452329e-01 1.07180856e-01
      6.46715224e-01 1.05435491e-01 6.45180523e-01 1.03896327e-01
      6.42174482e-01 9.81552303e-02 6.43809199e-01 9.33938250e-02
      6.52925968e-01 6.92926943e-02 6.57064199e-01 6.04851842e-02
      6.88315809e-01 4.19934979e-03 6.94022357e-01 -1.17676205e-03
      7.01543212e-01 -3.01446510e-03 7.34602451e-01 7.90926442e-03
      7.55904496e-01 1.73468832e-02 7.59373128e-01 1.92598067e-02
      7.92820394e-01 4.05427925e-02</contour2d>
    <histogram type_id="opencv-matrix">
      <rows>20</rows>
      <cols>1</cols>
      <dt>f</dt>
      <data>
        5.12820482e-02 5.01031522e-03 0. 0. 0. 0. 0. 0. 0. 0. 0. 0. 0.
        0. 0. 0. 5.77659868e-02 8.85941625e-01 0. 0.</data></histogram></_>
  <_><id>7</id>
    <height>2.5802969932556152e-02</height>
    <contour2d>
      6.64863467e-01 4.80097122e-02 6.60737455e-01 5.32796159e-02
      6.17434323e-01 1.00433730e-01 6.02619588e-01 1.09199077e-01
      5.92733026e-01 1.13356546e-01 5.76023102e-01 1.15403473e-01
      5.72113335e-01 1.15405947e-01 5.63785791e-01 1.11144818e-01
      5.61391711e-01 1.09265238e-01 5.53311288e-01 1.00717686e-01
      5.08420706e-01 5.01403324e-02 5.04395604e-01 4.52007391e-02
      5.01900673e-01 4.04247604e-02 5.00891447e-01 3.71584259e-02
      5.01900673e-01 3.40546742e-02 5.04625678e-01 2.76217926e-02
      5.05870402e-01 2.60319486e-02 5.22079647e-01 8.65851063e-03
      5.76939940e-01 -3.75431068e-02 5.81235707e-01 -3.76626104e-02
      5.94699144e-01 -2.94432249e-02 6.13252044e-01 -1.63651351e-02
      6.19014323e-01 -1.13120507e-02 6.39004290e-01 9.20518488e-03
      6.61635458e-01 3.56141105e-02 6.63488090e-01 3.92317325e-02
      6.64863467e-01 4.27423865e-02</contour2d>
    <histogram type_id="opencv-matrix">
      <rows>20</rows>
      <cols>1</cols>
      <dt>f</dt>
      <data>
        7.93770477e-02 6.02863636e-03 0. 0. 0. 0. 0. 0. 0. 0. 0. 0. 0.
        0. 0. 0. 5.62672727e-02 8.58327091e-01 0. 0.</data></histogram></_></obj>
</opencv_storage>
